   4.391251575907461e+02  ms.11r1.b1                                         3   4.130023787946899e-05   2.429483951670832e+02   2.705514085763646e+01   1.244949242791284e+00   8.594703896457289e-01
   4.925806416872758e+02  ms.12r1.b1                                         3  -1.831305072109320e-05   3.565855109013643e+01   1.313368585558859e+02   1.348947478973871e+00   1.019743377219438e+00
   5.460321257838058e+02  ms.13r1.b1                                         3   1.111777616728890e-05   1.320159237282594e+02   3.695681345228723e+01   1.481103715288536e+00   1.169500408953898e+00
   5.994836098803362e+02  ms.14r1.b1                                         3  -7.381390524876899e-05   3.346110115797948e+01   2.323321981908596e+02   1.642079845787158e+00   1.261469610661451e+00
   6.529350939768665e+02  ms.15r1.b1                                         3   4.130023787946899e-05   2.324085605622997e+02   3.134877812998047e+01   1.739371973604147e+00   1.376218551074033e+00
   7.063865780733968e+02  ms.16r1.b1                                         3  -1.831305072109320e-05   3.484244333394875e+01   1.321274121325536e+02   1.847031975723108e+00   1.520260842805147e+00
   7.598380621699272e+02  ms.17r1.b1                                         3   1.111777616728890e-05   1.320149266567578e+02   3.695766005282574e+01   1.981109754047294e+00   1.669501336735245e+00
   8.132895462664575e+02  ms.18r1.b1                                         3  -7.381390524876899e-05   3.346223562755847e+01   2.323311514296771e+02   2.142082538678803e+00   1.761469582024936e+00
   8.667410303629879e+02  ms.19r1.b1                                         3   4.130023787946899e-05   2.324100392790807e+02   3.134736675799905e+01   2.239372420004770e+00   1.876221987237621e+00
   9.201925144595181e+02  ms.20r1.b1                                         3  -1.831305072109320e-05   3.484103677288781e+01   1.321288117852837e+02   2.347034594491817e+00   2.020267768003984e+00
   9.736439985560485e+02  ms.21r1.b1                                         3   1.111777616728890e-05   1.320134626634339e+02   3.695913160131572e+01   2.481116964844559e+00   2.169502794702146e+00
   1.027095482652579e+03  ms.22r1.b1                                         3  -7.381390524876899e-05   3.346377137037949e+01   2.323296454856382e+02   2.642085322324454e+00   2.261469311666078e+00
   1.080546966749106e+03  ms.23r1.b1                                         3   4.130023787946899e-05   2.324109513374412e+02   3.134645244217284e+01   2.739372426057099e+00   2.376224209132057e+00
   1.133998450845634e+03  ms.24r1.b1                                         3  -1.831305072109320e-05   3.483976001354187e+01   1.321299247509327e+02   2.847036691280446e+00   2.520272091592457e+00
   1.187449934942162e+03  ms.25r1.b1                                         3   1.111777616728890e-05   1.320124664105406e+02   3.695997823373450e+01   2.981123003720789e+00   2.669503722422082e+00
   1.240901419038689e+03  ms.26r1.b1                                         3  -7.381390524876899e-05   3.346490590972036e+01   2.323285987428225e+02   3.142088015005563e+00   2.761469283031656e+00
   1.294352903135217e+03  ms.27r1.b1                                         3   4.130023787946899e-05   2.324124299664395e+02   3.134504117451199e+01   3.239372872457392e+00   2.876227645558076e+00
   1.347804387231745e+03  ms.28r1.b1                                         3  -1.831305072109320e-05   3.483835353141691e+01   1.321313252549352e+02   3.347039310250226e+00   3.020279016674847e+00
   1.454707355424800e+03  ms.30r1.b1                                         3  -7.381390524876899e-05   3.346663615992016e+01   2.323267115422683e+02   3.642090057911799e+00   3.261469098774762e+00
   1.508158839521328e+03  ms.31r1.b1                                         3   4.130023787946899e-05   2.324131824905952e+02   3.134409844530284e+01   3.739371852334531e+00   3.376230132085749e+00
   1.561610323617856e+03  ms.32r1.b1                                         3  -1.831305072109320e-05   3.483685298201596e+01   1.321326645891722e+02   3.847040835457427e+00   3.520283523533339e+00
   1.668513291810911e+03  ms.34l2.b1                                         3  -7.381390524876899e-05   3.346807811655859e+01   2.323250619926438e+02   4.142091579807915e+00   3.761469206263954e+00
   1.775416260003966e+03  ms.32l2.b1                                         3  -1.831305072109320e-05   3.483710210678697e+01   1.321334111057996e+02   4.347038859370298e+00   4.020291523955073e+00
   1.828867744100494e+03  ms.31l2.b1                                         3   1.111777616728890e-05   1.320093450520545e+02   3.696392064134223e+01   4.481134090104550e+00   4.169508729480973e+00
   1.882319228197022e+03  ms.30l2.b1                                         3  -7.381390524876899e-05   3.346775736072974e+01   2.323253749268533e+02   4.642091274721776e+00   4.261469477018946e+00
   1.989222196390077e+03  ms.28l2.b1                                         3  -1.831305072109320e-05   3.483752870544162e+01   1.321336674798686e+02   4.847037827471316e+00   4.520296513345052e+00
   2.042673680486605e+03  ms.27l2.b1                                         3   1.111777616728890e-05   1.320090221299105e+02   3.696489801623807e+01   4.981132182874608e+00   4.669510643475253e+00
   2.096125164583136e+03  ms.26l2.b1                                         3  -7.381390524876899e-05   3.346731821307146e+01   2.323258698274113e+02   5.142091349356367e+00   4.761469907067906e+00
   2.149576648679667e+03  ms.25l2.b1                                         3   4.130023787946899e-05   2.324168399101245e+02   3.134031160551953e+01   5.239371128996924e+00   4.876239646197394e+00
   2.203028132776199e+03  ms.24l2.b1                                         3  -1.831305072109320e-05   3.483612226804669e+01   1.321350697359989e+02   5.347040446620371e+00   5.020303438254089e+00
   2.256479616872730e+03  ms.23l2.b1                                         3   1.111777616728890e-05   1.320075599544180e+02   3.696636978638941e+01   5.481139394022057e+00   5.169512101164360e+00
   2.309931100969261e+03  ms.22l2.b1                                         3  -7.381390524876899e-05   3.346885416870824e+01   2.323243640859610e+02   5.642094132584964e+00   5.261469636700249e+00
   2.363382585065793e+03  ms.21l2.b1                                         3   4.130023787946899e-05   2.324177519837534e+02   3.133939749781051e+01   5.739371135044134e+00   5.376241868574550e+00
   2.416834069162324e+03  ms.20l2.b1                                         3  -1.831305072109320e-05   3.483484563719560e+01   1.321361843289201e+02   5.847042543693895e+00   5.520307761599660e+00
   2.470285553258856e+03  ms.19l2.b1                                         3   1.111777616728890e-05   1.320065652273853e+02   3.696721652796907e+01   5.981145433140591e+00   5.669513028694967e+00
   2.523737037355387e+03  ms.18l2.b1                                         3  -7.381390524876899e-05   3.346998884550400e+01   2.323233173941484e+02   6.142096824851476e+00   5.761469608067840e+00
   2.577188521451918e+03  ms.17l2.b1                                         3   4.130023787946899e-05   2.324192304679765e+02   3.133798653163365e+01   6.239371581436329e+00   5.876245305791644e+00
   2.630640005548450e+03  ms.16l2.b1                                         3  -1.831305072109320e-05   3.483343927873846e+01   1.321375874363384e+02   6.347045163044096e+00   6.020314686392078e+00
   2.684091489644981e+03  ms.15l2.b1                                         3   1.111777616728890e-05   1.320051040300116e+02   3.696868836771851e+01   6.481152644417302e+00   6.169514486295859e+00
   2.737542973741512e+03  ms.14l2.b1                                         3  -7.381390524876899e-05   3.347152490294813e+01   2.323218117264255e+02   6.642099607853644e+00   6.261469337694792e+00
   2.790994457838044e+03  ms.13l2.b1                                         3   4.130023787946899e-05   2.314102436967296e+02   3.148379345732695e+01   6.739377557395376e+00   6.376199335996656e+00
   2.844445941934575e+03  ms.12l2.b1                                         3  -1.831305072109320e-05   3.092072029560350e+01   1.335182471281136e+02   6.855749206895988e+00   6.518195693840212e+00
   2.899168426031106e+03  ms.11l2.b1                                         3   1.111777616728890e-05   1.295250235087960e+02   3.593762547588245e+01   6.999971582236677e+00   6.683721852205732e+00
   3.771122826031117e+03  ms.11r2.b1                                         3  -2.269475191331100e-05   3.473517311574024e+01   1.757790497165598e+02   9.430352649819810e+00   8.853436944642002e+00
   3.824575341934589e+03  ms.12r2.b1                                         3   1.316154784833450e-05   1.774554616809114e+02   3.028815898579767e+01   9.542014006382253e+00   8.993622717375008e+00
   3.878023857838061e+03  ms.13r2.b1                                         3  -2.269475191331100e-05   3.242746040847522e+01   1.732425001214734e+02   9.675496495892554e+00   9.116479660681811e+00
   3.931472373741533e+03  ms.14r2.b1                                         3   1.316154784833450e-05   1.739079051010031e+02   3.424981024562472e+01   9.793301432275623e+00   9.246912221955197e+00
   3.984920889645006e+03  ms.15r2.b1                                         3  -2.269475191331100e-05   3.375808227429617e+01   1.769158998203667e+02   9.924415715429026e+00   9.359855681106632e+00
   4.038369405548478e+03  ms.16r2.b1                                         3   1.316154784833450e-05   1.719915850637200e+02   3.591041935388704e+01   1.004013075471178e+01   9.484669690521098e+00
   4.091817921451950e+03  ms.17r2.b1                                         3  -2.269475191331100e-05   3.242822667311192e+01   1.743780677313931e+02   1.017577852794728e+01   9.595396173529167e+00
   4.145266437355419e+03  ms.18r2.b1                                         3   1.316154784833450e-05   1.739203941695135e+02   3.416098208110247e+01   1.029357652713168e+01   9.725494035318668e+00
   4.198714953258888e+03  ms.19r2.b1                                         3  -2.269475191331100e-05   3.375732613786501e+01   1.757366118227374e+02   1.042468656309211e+01   9.839074699543488e+00
   4.252163469162357e+03  ms.20r2.b1                                         3   1.316154784833450e-05   1.719789893952259e+02   3.596926336861534e+01   1.054040837428359e+01   9.964290715717276e+00
   4.305611985065825e+03  ms.21r2.b1                                         3  -2.269475191331100e-05   3.242923089250156e+01   1.755806191248639e+02   1.067605999371563e+01   1.007445378315409e+01
   4.359060500969294e+03  ms.22r2.b1                                         3   1.316154784833450e-05   1.735896592680609e+02   3.420340189383801e+01   1.079385415617281e+01   1.020401858249710e+01
   4.412509016872763e+03  ms.23r2.b1                                         3  -2.269475191331100e-05   3.243036095258522e+01   1.755890244952636e+02   1.092885243533969e+01   1.031741460212912e+01
   4.465957532776231e+03  ms.24r2.b1                                         3   1.316154784833450e-05   1.736038420447019e+02   3.420144364652632e+01   1.104663812731692e+01   1.044698019292509e+01
   4.519406048679700e+03  ms.25r2.b1                                         3  -2.269475191331100e-05   3.242904024521949e+01   1.755799129801058e+02   1.118163270809518e+01   1.056038371622973e+01
   4.572854564583168e+03  ms.26r2.b1                                         3   1.316154784833450e-05   1.735898375836543e+02   3.420328104229731e+01   1.129942722329441e+01   1.068994915218113e+01
   4.626303080486638e+03  ms.27r2.b1                                         3  -2.269475191331100e-05   3.243057376457821e+01   1.755896453134862e+02   1.143442481661484e+01   1.080334517224139e+01
   4.679751596390106e+03  ms.28r2.b1                                         3   1.316154784833450e-05   1.736034901409063e+02   3.420172181797987e+01   1.155221018005908e+01   1.093290977832140e+01
   4.733200112293574e+03  ms.29r2.b1                                         3  -2.269475191331100e-05   3.242905381462433e+01   1.755791896107010e+02   1.168720490540961e+01   1.104631302609184e+01
   4.840097144100512e+03  ms.31r2.b1                                         3  -2.269475191331100e-05   3.243095326953858e+01   1.755898575996375e+02   1.193999568490397e+01   1.128927560589275e+01
   4.893545660003981e+03  ms.32r2.b1                                         3   1.316154784833450e-05   1.736032924534526e+02   3.420177103193417e+01   1.205778027967753e+01   1.141883999008030e+01
   4.946994175907449e+03  ms.33r2.b1                                         3  -2.269475191331100e-05   3.242845492078583e+01   1.755792348260795e+02   1.219277677527651e+01   1.153224312085118e+01
   5.053891207714386e+03  ms.33l3.b1                                         3  -2.269475191331100e-05   3.243154700907848e+01   1.755897485150299e+02   1.244556686748185e+01   1.177520637111748e+01
   5.160788239521324e+03  ms.31l3.b1                                         3  -2.269475191331100e-05   3.242838704505852e+01   1.755789310222122e+02   1.269834742835426e+01   1.201817272989826e+01
   5.214236755424792e+03  ms.30l3.b1                                         3   1.316154784833450e-05   1.735910757942574e+02   3.420273092467859e+01   1.281614288890237e+01   1.214773999296804e+01
   5.267685271328261e+03  ms.29l3.b1                                         3  -2.269475191331100e-05   3.243117677490624e+01   1.755904091115158e+02   1.295113816102720e+01   1.226113681905785e+01
   5.374582303135198e+03  ms.27l3.b1                                         3  -2.269475191331100e-05   3.242875830627553e+01   1.755783073182512e+02   1.320391886033465e+01   1.250410279286881e+01
   5.428030819038667e+03  ms.26l3.b1                                         3   1.316154784833450e-05   1.735914506493700e+02   3.420256430421178e+01   1.332171333212076e+01   1.263367076560553e+01
   5.481479334942135e+03  ms.25l3.b1                                         3  -2.269475191331100e-05   3.243085948482605e+01   1.755908949619089e+02   1.345670929148991e+01   1.274706773702606e+01
   5.534927850845605e+03  ms.24l3.b1                                         3   1.316154784833450e-05   1.736018110063206e+02   3.420247313220166e+01   1.357449471756726e+01   1.287662989203509e+01
   5.588376366749073e+03  ms.23l3.b1                                         3  -2.269475191331100e-05   3.242877688197940e+01   1.755782956977390e+02   1.370949108675525e+01   1.299003197956208e+01
   5.641824882652541e+03  ms.22l3.b1                                         3   1.316154784833450e-05   1.735918416001545e+02   3.420230468844474e+01   1.382728535292435e+01   1.311960059797567e+01
   5.695273398556010e+03  ms.21l3.b1                                         3  -2.269475191331100e-05   3.235216843286759e+01   1.760028734726939e+02   1.396230648435569e+01   1.323299386303415e+01
   5.748721914459479e+03  ms.20l3.b1                                         3   1.316154784833450e-05   1.723276235860530e+02   3.593298388401813e+01   1.408094832963308e+01   1.335816960769203e+01
   5.802170430362948e+03  ms.19l3.b1                                         3  -2.269475191331100e-05   3.383514934146213e+01   1.752876082563819e+02   1.421265332778174e+01   1.346850962985643e+01
   5.855618946266416e+03  ms.18l3.b1                                         3   1.316154784833450e-05   1.735784943467918e+02   3.416095183510741e+01   1.432756086735290e+01   1.359816738976932e+01
   5.909067462169884e+03  ms.17l3.b1                                         3  -2.269475191331100e-05   3.235214488426254e+01   1.748320699081019e+02   1.446258900632068e+01   1.371210450290131e+01
   5.962515978073353e+03  ms.16l3.b1                                         3   1.316154784833450e-05   1.723408113494246e+02   3.594395879723844e+01   1.458122528465976e+01   1.383778982631271e+01
   6.015964493976822e+03  ms.15l3.b1                                         3  -2.269475191331100e-05   3.383536570540996e+01   1.764504494277626e+02   1.471292310344890e+01   1.394767381040933e+01
   6.069413009880291e+03  ms.14l3.b1                                         3   1.316154784833450e-05   1.735652486344710e+02   3.418076635548989e+01   1.482783554240255e+01   1.407672704800460e+01
   6.122861525783759e+03  ms.13l3.b1                                         3  -2.269475191331100e-05   3.248508184837330e+01   1.730086715663072e+02   1.496282876025268e+01   1.419108317942952e+01
   6.176310041687228e+03  ms.12l3.b1                                         3   1.316154784833450e-05   1.734897540458423e+02   3.326406352396076e+01   1.508002555692757e+01   1.432491158754851e+01
   6.231029557590698e+03  ms.11l3.b1                                         3  -2.269475191331100e-05   2.933843853985478e+01   1.749737444386325e+02   1.523745454743278e+01   1.443846152995481e+01
   7.103838042409222e+03  ms.11r3.b1                                         3   1.316154784833450e-05   1.740679099573224e+02   4.331658904190671e+01   1.694158105797725e+01   1.590981461534887e+01
   7.157290558312691e+03  ms.12r3.b1                                         3  -2.269475191331100e-05   4.150268755840997e+01   1.652058855683024e+02   1.705594875233070e+01   1.601275900019279e+01
   7.210739074216160e+03  ms.13r3.b1                                         3   1.316154784833450e-05   1.736185144254898e+02   3.445289989407022e+01   1.715825903531775e+01   1.614602519410234e+01
   7.264187590119628e+03  ms.14r3.b1                                         3  -2.269475191331100e-05   3.235028693820790e+01   1.781339889927025e+02   1.729327154590334e+01   1.625810038489641e+01
   7.317636106023097e+03  ms.15r3.b1                                         3   1.316154784833450e-05   1.723014086001630e+02   3.573580755049718e+01   1.741192884178215e+01   1.638275677825892e+01
   7.371084621926565e+03  ms.16r3.b1                                         3  -2.269475191331100e-05   3.383733647089949e+01   1.730544345342403e+02   1.754364141510113e+01   1.649431786140838e+01
   7.424533137830034e+03  ms.17r3.b1                                         3   1.316154784833450e-05   1.736051407278881e+02   3.430158698218162e+01   1.765853367028827e+01   1.662471426602499e+01
   7.477981653733503e+03  ms.18r3.b1                                         3  -2.269475191331100e-05   3.235010236192696e+01   1.771289533743153e+02   1.779355365072760e+01   1.673747243268574e+01
   7.531430169636971e+03  ms.19r3.b1                                         3   1.316154784833450e-05   1.723148177958696e+02   3.586237716345946e+01   1.791220564724599e+01   1.686229717562470e+01
   7.584878685540440e+03  ms.20r3.b1                                         3  -2.269475191331100e-05   3.383732665606939e+01   1.741297613557257e+02   1.804391150848486e+01   1.697320751192617e+01
   7.638327201443909e+03  ms.21r3.b1                                         3   1.316154784833450e-05   1.735918666197755e+02   3.420172173485493e+01   1.815880914074248e+01   1.710332515427392e+01
   7.691775717347377e+03  ms.22r3.b1                                         3  -2.269475191331100e-05   3.242856787590839e+01   1.755900622630011e+02   1.829381126248745e+01   1.721672414496591e+01
   7.745224233250846e+03  ms.23r3.b1                                         3   1.316154784833450e-05   1.736018933829390e+02   3.420323638158095e+01   1.841160178936787e+01   1.734628481915680e+01
   7.798672749154314e+03  ms.24r3.b1                                         3  -2.269475191331100e-05   3.243103421302996e+01   1.755794943207153e+02   1.854659183310160e+01   1.745968490341290e+01
   7.852121265057783e+03  ms.25r3.b1                                         3   1.316154784833450e-05   1.735912870226701e+02   3.420160577407484e+01   1.866438127315659e+01   1.758925466815447e+01
   7.905569780961252e+03  ms.26r3.b1                                         3  -2.269475191331100e-05   3.242863839409041e+01   1.755892352007907e+02   1.879938350007928e+01   1.770265421566312e+01
   7.959018296864720e+03  ms.27r3.b1                                         3   1.316154784833450e-05   1.736024770524216e+02   3.420332089288573e+01   1.891717362378426e+01   1.783221507952574e+01
   8.012466812768189e+03  ms.28r3.b1                                         3  -2.269475191331100e-05   3.243079152092169e+01   1.755805284634014e+02   1.905216404050771e+01   1.794561458830248e+01
   8.119363844575127e+03  ms.30r3.b1                                         3  -2.269475191331100e-05   3.242921657917151e+01   1.755877471364290e+02   1.930495499206076e+01   1.818858508541827e+01
   8.172812360478595e+03  ms.31r3.b1                                         3   1.316154784833450e-05   1.736027195493437e+02   3.420356750816850e+01   1.942274371932330e+01   1.831814605486080e+01
   8.226260876382068e+03  ms.32r3.b1                                         3  -2.269475191331100e-05   3.243038762475821e+01   1.755819335912350e+02   1.955773513296383e+01   1.843154451849407e+01
   8.333157908189016e+03  ms.34l4.b1                                         3  -2.269475191331100e-05   3.242962123010142e+01   1.755863326096348e+02   1.981052617450326e+01   1.867451510697723e+01
   8.440054939995965e+03  ms.32l4.b1                                         3  -2.269475191331100e-05   3.243030324360257e+01   1.755829924257008e+02   2.006330537526114e+01   1.891747483945425e+01
   8.493503455899439e+03  ms.31l4.b1                                         3   1.316154784833450e-05   1.735904683448683e+02   3.420116442521061e+01   2.018109679549987e+01   1.904704401345193e+01
   8.546951971802913e+03  ms.30l4.b1                                         3  -2.269475191331100e-05   3.242923215489559e+01   1.755857156675390e+02   2.031609779526388e+01   1.916044582626465e+01
   8.653849003609861e+03  ms.28l4.b1                                         3  -2.269475191331100e-05   3.243068956972806e+01   1.755836853361824e+02   2.056887664573634e+01   1.940340479815322e+01
   8.707297519513335e+03  ms.27l4.b1                                         3   1.316154784833450e-05   1.735900788653917e+02   3.420117351760874e+01   2.068666736386423e+01   1.953297361640164e+01
   8.760746035416809e+03  ms.26l4.b1                                         3  -2.269475191331100e-05   3.242897715677444e+01   1.755848985975266e+02   2.082166927613830e+01   1.964637573066564e+01
   8.814194551320285e+03  ms.25l4.b1                                         3   1.316154784833450e-05   1.736036371146084e+02   3.420366939223359e+01   2.093945815498056e+01   1.977593781730619e+01
   8.867643067223758e+03  ms.24l4.b1                                         3  -2.269475191331100e-05   3.243043706345644e+01   1.755849942086468e+02   2.107444895502707e+01   1.988933487715732e+01
   8.921091583127232e+03  ms.23l4.b1                                         3   1.316154784833450e-05   1.735898103481994e+02   3.420108946175636e+01   2.119224035088774e+01   2.001890327496986e+01
   8.974540099030706e+03  ms.22l4.b1                                         3  -2.269475191331100e-05   3.242910975502592e+01   1.755836909504425e+02   2.132724203345953e+01   2.013230603126785e+01
   9.027988614934180e+03  ms.21l4.b1                                         3   1.316154784833450e-05   1.739470497403797e+02   3.413379381542323e+01   2.144502691618689e+01   2.026188852983173e+01
   9.081437130837654e+03  ms.20l4.b1                                         3  -2.269475191331100e-05   3.375658053982271e+01   1.745283889703829e+02   2.157612568133672e+01   2.037600122398005e+01
   9.134885646741128e+03  ms.19l4.b1                                         3   1.316154784833450e-05   1.719525740348245e+02   3.596473913446476e+01   2.169185993259442e+01   2.050177975322088e+01
   9.188334162644602e+03  ms.18l4.b1                                         3  -2.269475191331100e-05   3.242996322214480e+01   1.767704207328673e+02   2.182752347835309e+01   2.061150680885292e+01
   9.241782678548076e+03  ms.17l4.b1                                         3   1.316154784833450e-05   1.739596104425986e+02   3.416945230740566e+01   2.194530120057346e+01   2.074043615543370e+01
   9.295231194451550e+03  ms.16l4.b1                                         3  -2.269475191331100e-05   3.375551073727723e+01   1.733804452123202e+02   2.207639648558040e+01   2.085493515755203e+01
   9.348679710355025e+03  ms.15l4.b1                                         3   1.316154784833450e-05   1.719401501056114e+02   3.589798840027544e+01   2.219213809743934e+01   2.098139619795137e+01
   9.402128226258499e+03  ms.14l4.b1                                         3  -2.269475191331100e-05   3.243093166074994e+01   1.778600333469592e+02   2.232780550173154e+01   2.109084249757533e+01
   9.455576742161973e+03  ms.13l4.b1                                         3   1.316154784833450e-05   1.738559849929154e+02   3.428980324336722e+01   2.244557711972914e+01   2.121901880199818e+01
   9.509025258065447e+03  ms.12l4.b1                                         3  -2.269475191331100e-05   3.317825804775992e+01   1.733321753345248e+02   2.257800117252934e+01   2.133347741913937e+01
   9.563744773968921e+03  ms.11l4.b1                                         3   1.316154784833450e-05   1.617520235313674e+02   4.007371352048903e+01   2.269702468256945e+01   2.146063736421916e+01
   1.043569125878740e+04  ms.11r4.b1                                         3  -1.831305072109320e-05   3.450090389762723e+01   1.344481080468864e+02   2.430724544396176e+01   2.263303936523603e+01
   1.048914377469088e+04  ms.12r4.b1                                         3   1.111777616728890e-05   1.359141563542840e+02   3.007886845479842e+01   2.443960825867504e+01   2.280630496644195e+01
   1.054259229059435e+04  ms.13r4.b1                                         3  -6.735388387878000e-05   3.339922867275500e+01   2.323927674006747e+02   2.459802814277750e+01   2.290934610947514e+01
   1.059604080649783e+04  ms.14r4.b1                                         3   4.626244419897599e-05   2.323248029440596e+02   3.143501901359599e+01   2.469543751288400e+01   2.302387720934641e+01
   1.064948932240130e+04  ms.15r4.b1                                         3  -1.831305072109320e-05   3.491177505217635e+01   1.320332300230334e+02   2.480298651313905e+01   2.316770246917178e+01
   1.070293783830478e+04  ms.16r4.b1                                         3   1.111777616728890e-05   1.320712104249285e+02   3.687433233122632e+01   2.493683935194093e+01   2.331725361434352e+01
   1.075638635420825e+04  ms.17r4.b1                                         3  -6.735388387878000e-05   3.339609793036706e+01   2.323958443296517e+02   2.509799551019155e+01   2.340931886297311e+01
   1.080983487011172e+04  ms.18r4.b1                                         3   4.626244419897599e-05   2.323219064451866e+02   3.143785823646741e+01   2.519541081171835e+01   2.352384274312783e+01
   1.086328338601520e+04  ms.19r4.b1                                         3  -1.831305072109320e-05   3.491427043533356e+01   1.320305862039254e+02   2.530295604773313e+01   2.366766090097755e+01
   1.091673190191867e+04  ms.20r4.b1                                         3   1.111777616728890e-05   1.320739156187377e+02   3.687147869251190e+01   2.543680070707795e+01   2.381722265263566e+01
   1.097018041782215e+04  ms.21r4.b1                                         3  -6.735388387878000e-05   3.339366851914491e+01   2.323981468936728e+02   2.559796352197874e+01   2.390929140944527e+01
   1.102362893372562e+04  ms.22r4.b1                                         3   4.626244419897599e-05   2.323183640848733e+02   3.144126066482634e+01   2.569538374120473e+01   2.402380705017367e+01
   1.107707744962909e+04  ms.23r4.b1                                         3  -1.831305072109320e-05   3.491725594412616e+01   1.320274664125694e+02   2.580292449558788e+01   2.416761666183996e+01
   1.113052596553257e+04  ms.24r4.b1                                         3   1.111777616728890e-05   1.320772317747671e+02   3.686801686014068e+01   2.593675931532438e+01   2.431719121353534e+01
   1.118397448143604e+04  ms.25r4.b1                                         3  -6.735388387878000e-05   3.339053772618033e+01   2.324012083540583e+02   2.609793088364028e+01   2.440926416353130e+01
   1.123742299733952e+04  ms.26r4.b1                                         3   4.626244419897599e-05   2.323154546994706e+02   3.144410035988664e+01   2.619535703922084e+01   2.452377259082397e+01
   1.129087151324299e+04  ms.27r4.b1                                         3  -1.831305072109320e-05   3.491975067130885e+01   1.320248361925374e+02   2.630289403523745e+01   2.466757509192837e+01
   1.134432002914646e+04  ms.28r4.b1                                         3   1.111777616728890e-05   1.320799474770386e+02   3.686516226664650e+01   2.643672067305572e+01   2.481716024652601e+01
   1.139776854504994e+04  ms.29r4.b1                                         3  -6.735388387878000e-05   3.338810846123434e+01   2.324034950069982e+02   2.659789889041940e+01   2.490923671067790e+01
   1.150466557685689e+04  ms.31r4.b1                                         3  -1.831305072109320e-05   3.492449180719385e+01   1.320208449512431e+02   2.680285927596880e+01   2.516753153661815e+01
   1.155811409276036e+04  ms.32r4.b1                                         3   1.111777616728890e-05   1.320840026063641e+02   3.686183442788380e+01   2.693667111025403e+01   2.531712982019221e+01
   1.161156260866383e+04  ms.33r4.b1                                         3  -6.735388387878000e-05   3.338336132627981e+01   2.324081328151425e+02   2.709786354441879e+01   2.540920993738725e+01
   1.171845964047078e+04  ms.33l5.b1                                         3  -1.831305072109320e-05   3.492939617133776e+01   1.320170124650245e+02   2.730282441423235e+01   2.566749090618275e+01
   1.182535667227773e+04  ms.31l5.b1                                         3  -6.735388387878000e-05   3.337891472249394e+01   2.324121939065757e+02   2.759782706542265e+01   2.590918322256595e+01
   1.187880518818120e+04  ms.30l5.b1                                         3   4.626244419897599e-05   2.323052661352490e+02   3.145371200148602e+01   2.769527512865036e+01   2.602366704719985e+01
   1.193225370408468e+04  ms.29l5.b1                                         3  -1.831305072109320e-05   3.493214819315192e+01   1.320141538968462e+02   2.780279228354540e+01   2.616744685279463e+01
   1.203915073589163e+04  ms.27l5.b1                                         3  -6.735388387878000e-05   3.337608264913751e+01   2.324146371511475e+02   2.809779326596863e+01   2.640915611105483e+01
   1.209259925179510e+04  ms.26l5.b1                                         3   4.626244419897599e-05   2.323020633309930e+02   3.145650869457548e+01   2.819524684045728e+01   2.652363300836577e+01
   1.214604776769858e+04  ms.25l5.b1                                         3  -1.831305072109320e-05   3.493429466755384e+01   1.320118972899486e+02   2.830276095631172e+01   2.666740556221326e+01
   1.219949628360205e+04  ms.24l5.b1                                         3   1.111777616728890e-05   1.320938298148584e+02   3.685284180744383e+01   2.843654122842724e+01   2.681703781867462e+01
   1.225294479950552e+04  ms.23l5.b1                                         3  -6.735388387878000e-05   3.337365347076090e+01   2.324168923325290e+02   2.859776125955347e+01   2.690912865987801e+01
   1.230639331540900e+04  ms.22l5.b1                                         3   4.626244419897599e-05   2.322984731949847e+02   3.145991332781995e+01   2.869521976787699e+01   2.702359733651436e+01
   1.235984183131247e+04  ms.21l5.b1                                         3  -1.831305072109320e-05   3.493727951703294e+01   1.320088198354462e+02   2.880272942141914e+01   2.716736131657493e+01
   1.241329034721595e+04  ms.20l5.b1                                         3   1.111777616728890e-05   1.320971874691537e+02   3.684937723343915e+01   2.893649984038445e+01   2.731700636367353e+01
   1.246673886311942e+04  ms.19l5.b1                                         3  -6.735388387878000e-05   3.337052237962108e+01   2.324199077430122e+02   2.909772860065868e+01   2.740910141602480e+01
   1.252018737902289e+04  ms.18l5.b1                                         3   4.626244419897599e-05   2.322955169308966e+02   3.146275459329840e+01   2.919519306335550e+01   2.752356289765502e+01
   1.257363589492637e+04  ms.17l5.b1                                         3  -1.831305072109320e-05   3.493977217592990e+01   1.320062300901841e+02   2.930269897935658e+01   2.766731974104225e+01
   1.262708441082984e+04  ms.16l5.b1                                         3   1.111777616728890e-05   1.320999414398737e+02   3.684651961847702e+01   2.943646120649435e+01   2.781697538099787e+01
   1.268053292673332e+04  ms.15l5.b1                                         3  -6.735388387878000e-05   3.336809335398620e+01   2.324221470069757e+02   2.959769658922923e+01   2.790907396551135e+01
   1.273398144263679e+04  ms.14l5.b1                                         3   4.626244419897599e-05   2.322919136520104e+02   3.146615990265132e+01   2.969516599008909e+01   2.802352723285874e+01
   1.278742995854026e+04  ms.13l5.b1                                         3  -1.831305072109320e-05   3.478361006961978e+01   1.325646318121606e+02   2.980270988507039e+01   2.816726526324314e+01
   1.284087847444374e+04  ms.12l5.b1                                         3   1.111777616728890e-05   1.301018816888355e+02   3.924566844727651e+01   2.993853728022174e+01   2.830961322471337e+01
   1.289559799034721e+04  ms.11l5.b1                                         3  -6.735388387878000e-05   3.790092435703332e+01   2.214472927496479e+02   3.009940983767793e+01   2.839976525281542e+01
   1.376841439034716e+04  ms.11r5.b1                                         3   4.185432472323150e-05   2.429466312607739e+02   2.705380258730394e+01   3.220150179118502e+01   3.050798106076007e+01
   1.382186987444370e+04  ms.12r5.b1                                         3  -1.831305072109320e-05   3.565732372888228e+01   1.313436607639285e+02   3.230550256722044e+01   3.066825375516905e+01
   1.387532135854023e+04  ms.13r5.b1                                         3   1.111777616728890e-05   1.320161514759437e+02   3.695723504286691e+01   3.243766164997365e+01   3.081800388814487e+01
   1.392877284263676e+04  ms.14r5.b1                                         3  -7.890931357185151e-05   3.346203610384144e+01   2.323210662225044e+02   3.259863401173234e+01   3.090997498353083e+01
   1.398222432673330e+04  ms.15r5.b1                                         3   4.185432472323150e-05   2.324077141375021e+02   3.134722233586048e+01   3.269592478452260e+01   3.102473074576084e+01
   1.403567581082983e+04  ms.16r5.b1                                         3  -1.831305072109320e-05   3.484142582720768e+01   1.321343105604484e+02   3.280358688473004e+01   3.116877277655452e+01
   1.408912729492636e+04  ms.17r5.b1                                         3   1.111777616728890e-05   1.320149557848134e+02   3.695848665200387e+01   3.293766724941342e+01   3.131800518344117e+01
   1.414257877902290e+04  ms.18r5.b1                                         3  -7.890931357185151e-05   3.346319225708325e+01   2.323199699734805e+02   3.309863637173723e+01   3.140997476593977e+01
   1.419603026311943e+04  ms.19r5.b1                                         3   4.185432472323150e-05   2.324091073506418e+02   3.134586527298163e+01   3.319592488201794e+01   3.152473388772466e+01
   1.424948174721596e+04  ms.20r5.b1                                         3  -1.831305072109320e-05   3.483980665519258e+01   1.321358037841335e+02   3.330358956866138e+01   3.166877915968565e+01
   1.430293323131250e+04  ms.21r5.b1                                         3   1.111777616728890e-05   1.320135580966891e+02   3.695977522682082e+01   3.343767502410807e+01   3.181800656162663e+01
   1.435638471540903e+04  ms.22r5.b1                                         3  -7.890931357185151e-05   3.346475272902108e+01   2.323184661072356e+02   3.359863956465284e+01   3.190997467110753e+01
   1.440983619950556e+04  ms.23r5.b1                                         3   4.185432472323150e-05   2.324103124975827e+02   3.134468912654474e+01   3.369592518641530e+01   3.202473686855742e+01
   1.446328768360210e+04  ms.24r5.b1                                         3  -1.831305072109320e-05   3.483871019826123e+01   1.321369480874765e+02   3.380359155216802e+01   3.216878506563182e+01
   1.451673916769863e+04  ms.25r5.b1                                         3   1.111777616728890e-05   1.320123631855836e+02   3.696102688543696e+01   3.393768062365319e+01   3.231800785682463e+01
   1.457019065179516e+04  ms.26r5.b1                                         3  -7.890931357185151e-05   3.346590895466436e+01   2.323173699262632e+02   3.409864192447028e+01   3.240997445351897e+01
   1.462364213589170e+04  ms.27r5.b1                                         3   4.185432472323150e-05   2.324117057117572e+02   3.134333216659256e+01   3.419592528391824e+01   3.252474001079598e+01
   1.467709361998823e+04  ms.28r5.b1                                         3  -1.831305072109320e-05   3.483709112014937e+01   1.321384421737916e+02   3.430359423631219e+01   3.266879144867934e+01
   1.478399658818130e+04  ms.30r5.b1                                         3  -7.890931357185151e-05   3.346773976018454e+01   2.323153360737916e+02   3.459864408789264e+01   3.290997447837263e+01
   1.483744807227783e+04  ms.31r5.b1                                         3   4.185432472323150e-05   2.324126891969112e+02   3.134211653926346e+01   3.469592416198785e+01   3.302474335948142e+01
   1.489089955637436e+04  ms.32r5.b1                                         3  -1.831305072109320e-05   3.483568357902310e+01   1.321399011996716e+02   3.480359542525615e+01   3.316879760932454e+01
   1.499780252456743e+04  ms.34l6.b1                                         3  -7.890931357185151e-05   3.346912761589044e+01   2.323137858372881e+02   3.509864556571836e+01   3.340997436333417e+01
   1.510470549276050e+04  ms.32l6.b1                                         3  -1.831305072109320e-05   3.483592343496630e+01   1.321405948302769e+02   3.530359352390648e+01   3.366880504152879e+01
   1.515815697685703e+04  ms.31l6.b1                                         3   1.111777616728890e-05   1.320092212146329e+02   3.696501726041789e+01   3.543769185702983e+01   3.381801313895097e+01
   1.521160846095356e+04  ms.30l6.b1                                         3  -7.890931357185151e-05   3.346872430240938e+01   2.323142056497520e+02   3.559864549155196e+01   3.390997484090773e+01
   1.531851142914663e+04  ms.28l6.b1                                         3  -1.831305072109320e-05   3.483646400399751e+01   1.321409164500756e+02   3.580359250035987e+01   3.416881158727424e+01
   1.537196291324316e+04  ms.27l6.b1                                         3   1.111777616728890e-05   1.320086730257386e+02   3.696639460470931e+01   3.593768981960852e+01   3.431801538194542e+01
   1.542541439733969e+04  ms.26l6.b1                                         3  -7.890931357185151e-05   3.346836804038227e+01   2.323145910738368e+02   3.609864533526503e+01   3.440997506417263e+01
   1.547886588143623e+04  ms.25l6.b1                                         3   4.185432472323150e-05   2.324165317598698e+02   3.133818759234724e+01   3.619592343934148e+01   3.452475294119564e+01
   1.553231736553276e+04  ms.24l6.b1                                         3  -1.831305072109320e-05   3.483484499046356e+01   1.321424122958741e+02   3.630359518467850e+01   3.466881797016073e+01
   1.558576884962929e+04  ms.23l6.b1                                         3   1.111777616728890e-05   1.320072773120758e+02   3.696768339748636e+01   3.643769759467730e+01   3.481801675985191e+01
   1.563922033372583e+04  ms.22l6.b1                                         3  -7.890931357185151e-05   3.346992873011047e+01   2.323130873021489e+02   3.659864852767826e+01   3.490997496932950e+01
   1.569267181782236e+04  ms.21l6.b1                                         3   4.185432472323150e-05   2.324177367943645e+02   3.133701173726262e+01   3.669592374371378e+01   3.502475592272319e+01
   1.574612330191889e+04  ms.20l6.b1                                         3  -1.831305072109320e-05   3.483374863053401e+01   1.321435590054351e+02   3.680359716846267e+01   3.516882387573699e+01
   1.579957478601543e+04  ms.19l6.b1                                         3   1.111777616728890e-05   1.320060838516408e+02   3.696893523314288e+01   3.693770319448466e+01   3.531801805475699e+01
   1.585302627011196e+04  ms.18l6.b1                                         3  -7.890931357185151e-05   3.347108510636603e+01   2.323119913093704e+02   3.709865088713936e+01   3.540997475174463e+01
   1.590647775420849e+04  ms.17l6.b1                                         3   4.185432472323150e-05   2.324191300244685e+02   3.133565508635223e+01   3.719592384122895e+01   3.552475906576709e+01
   1.595992923830503e+04  ms.16l6.b1                                         3  -1.831305072109320e-05   3.483212971090565e+01   1.321450557139073e+02   3.730359985299417e+01   3.566883025853963e+01
   1.601338072240156e+04  ms.15l6.b1                                         3   1.111777616728890e-05   1.320046891995322e+02   3.697022409825056e+01   3.743771096971052e+01   3.581801943257809e+01
   1.606683220649809e+04  ms.14l6.b1                                         3  -7.890931357185151e-05   3.347264590319103e+01   2.323104875717293e+02   3.759865407928932e+01   3.590997465689547e+01
   1.612028369059463e+04  ms.13l6.b1                                         3   4.185432472323150e-05   2.324041459308222e+02   3.133682572403913e+01   3.769592424098197e+01   3.602476127400581e+01
   1.617373517469116e+04  ms.12l6.b1                                         3  -1.831305072109320e-05   3.507267241070603e+01   1.310837983923239e+02   3.780365085654689e+01   3.616882178793309e+01
   1.622845765878769e+04  ms.11l6.b1                                         3   1.111777616728890e-05   1.302521814140552e+02   3.526845733163363e+01   3.793553988429461e+01   3.633958006603465e+01
   1.710041997396907e+04  ms.11r6.b1                                         3  -2.269475191331100e-05   3.501515440892903e+01   1.760987071835650e+02   3.961230747173615e+01   3.776052874812056e+01
   1.715387545806560e+04  ms.12r6.b1                                         3   1.316154784833450e-05   1.718788225393781e+02   3.511032288190128e+01   3.972565895263003e+01   3.788741520843691e+01
   1.720732694216212e+04  ms.13r6.b1                                         3  -2.269475191331100e-05   3.223647149224267e+01   1.733058328649341e+02   3.986203035910312e+01   3.799998896209232e+01
   1.726077842625864e+04  ms.14r6.b1                                         3   1.316154784833450e-05   1.767129989329036e+02   3.139205891281482e+01   3.997880840307446e+01   3.813856715433500e+01
   1.731422991035516e+04  ms.15r6.b1                                         3  -2.269475191331100e-05   3.089277788279071e+01   1.786849189266868e+02   4.011718812393784e+01   3.825635666668700e+01
   1.736768139445168e+04  ms.16r6.b1                                         3   1.316154784833450e-05   1.774352541047630e+02   2.986739292057610e+01   4.023677774300300e+01   3.839677192694250e+01
   1.742113287854820e+04  ms.17r6.b1                                         3  -2.269475191331100e-05   3.222031682797857e+01   1.743372482196298e+02   4.037092467206632e+01   3.852016296684265e+01
   1.747458436264473e+04  ms.18r6.b1                                         3   1.316154784833450e-05   1.762793188913993e+02   3.146413431403459e+01   4.048791527594394e+01   3.865796783539332e+01
   1.752803584674125e+04  ms.19r6.b1                                         3  -2.269475191331100e-05   3.091322095643914e+01   1.775856410289596e+02   4.062646436990679e+01   3.877603966218580e+01
   1.758148733083777e+04  ms.20r6.b1                                         3   1.316154784833450e-05   1.778651189850785e+02   2.982028617975055e+01   4.074582524970982e+01   3.891720795981509e+01
   1.763493881493429e+04  ms.21r6.b1                                         3  -2.269475191331100e-05   3.219571040964638e+01   1.754871237504132e+02   4.087982446936220e+01   3.904021037121461e+01
   1.768839029903082e+04  ms.22r6.b1                                         3   1.316154784833450e-05   1.761976164115084e+02   3.142225562616547e+01   4.099704042168989e+01   3.917736091873840e+01
   1.774184178312734e+04  ms.23r6.b1                                         3  -2.269475191331100e-05   3.219625788013565e+01   1.755039782288729e+02   4.113168553424364e+01   3.929656797828346e+01
   1.779529326722386e+04  ms.24r6.b1                                         3   1.316154784833450e-05   1.761841081050061e+02   3.142034978028856e+01   4.124890579117334e+01   3.943371524405287e+01
   1.784874475132038e+04  ms.25r6.b1                                         3  -2.269475191331100e-05   3.219569528291387e+01   1.754879027474932e+02   4.138355936378920e+01   3.955293356900478e+01
   1.790219623541690e+04  ms.26r6.b1                                         3   1.316154784833450e-05   1.761977398764777e+02   3.142245389595666e+01   4.150077529930225e+01   3.969008311969235e+01
   1.795564771951343e+04  ms.27r6.b1                                         3  -2.269475191331100e-05   3.219623710442777e+01   1.755031373580148e+02   4.163542040664150e+01   3.980929006711081e+01
   1.800909920360995e+04  ms.28r6.b1                                         3   1.316154784833450e-05   1.761839441216163e+02   3.142020819680188e+01   4.175264077780332e+01   3.994643819455712e+01
   1.806255068770647e+04  ms.29r6.b1                                         3  -2.269475191331100e-05   3.219582992518161e+01   1.754887062076644e+02   4.188729405779090e+01   4.006565651450383e+01
   1.816945365589952e+04  ms.31r6.b1                                         3  -2.269475191331100e-05   3.219653778858138e+01   1.755018146723881e+02   4.213915388978637e+01   4.032201208425877e+01
   1.822290513999604e+04  ms.32r6.b1                                         3   1.316154784833450e-05   1.761838711432178e+02   3.141998497236611e+01   4.225637361646300e+01   4.045916157049702e+01
   1.827635662409256e+04  ms.33r6.b1                                         3  -2.269475191331100e-05   3.219541636184309e+01   1.754902513314664e+02   4.239102808850506e+01   4.057837976430187e+01
   1.838325959228561e+04  ms.33l7.b1                                         3  -2.269475191331100e-05   3.219694934390697e+01   1.755001980640673e+02   4.264288751537173e+01   4.083473451696540e+01
   1.849016256047865e+04  ms.31l7.b1                                         3  -2.269475191331100e-05   3.219548249892902e+01   1.754914495872084e+02   4.289476088011703e+01   4.109110285565926e+01
   1.854361404457517e+04  ms.30l7.b1                                         3   1.316154784833450e-05   1.761982286908373e+02   3.142289322613206e+01   4.301197709245135e+01   4.122824923457070e+01
   1.859706552867169e+04  ms.29l7.b1                                         3  -2.269475191331100e-05   3.219647723336198e+01   1.754993304594084e+02   4.314662128057802e+01   4.134745675219376e+01
   1.870396849686474e+04  ms.27l7.b1                                         3  -2.269475191331100e-05   3.219595390862221e+01   1.754923902613700e+02   4.339849448124576e+01   4.160382592696584e+01
   1.875741998096126e+04  ms.26l7.b1                                         3   1.316154784833450e-05   1.761983391963135e+02   3.142295610935276e+01   4.351570959179496e+01   4.174097162322887e+01
   1.881087146505778e+04  ms.25l7.b1                                         3  -2.269475191331100e-05   3.219598194633127e+01   1.754983772211709e+02   4.365035510560605e+01   4.186017939491312e+01
   1.886432294915431e+04  ms.24l7.b1                                         3   1.316154784833450e-05   1.761833729652845e+02   3.141978199395172e+01   4.376757628252657e+01   4.199733129653570e+01
   1.891777443325083e+04  ms.23l7.b1                                         3  -2.269475191331100e-05   3.219608817121372e+01   1.754937006542616e+02   4.390222913302579e+01   4.211654851429569e+01
   1.897122591734735e+04  ms.22l7.b1                                         3   1.316154784833450e-05   1.761983552841675e+02   3.142300269489042e+01   4.401944393620620e+01   4.225369338032287e+01
   1.902467740144387e+04  ms.21l7.b1                                         3  -2.269475191331100e-05   3.227555602668632e+01   1.750781347547255e+02   4.415406396638823e+01   4.237290594840604e+01
   1.907812888554039e+04  ms.20l7.b1                                         3   1.316154784833450e-05   1.775145537787051e+02   2.991386296253106e+01   4.427043140586547e+01   4.251516446353878e+01
   1.913158036963692e+04  ms.19l7.b1                                         3  -2.269475191331100e-05   3.084711371904215e+01   1.779558249397616e+02   4.440852460863453e+01   4.263685057294311e+01
   1.918503185373344e+04  ms.18l7.b1                                         3   1.316154784833450e-05   1.766513544792875e+02   3.133835693632644e+01   4.452855458940191e+01   4.277312355139517e+01
   1.923848333782996e+04  ms.17l7.b1                                         3  -2.269475191331100e-05   3.227517375650648e+01   1.739968483655026e+02   4.466294536379252e+01   4.289299682868439e+01
   1.929193482192648e+04  ms.16l7.b1                                         3   1.316154784833450e-05   1.770586688232244e+02   3.002082185045034e+01   4.477949741894038e+01   4.303551580593421e+01
   1.934538630602301e+04  ms.15l7.b1                                         3  -2.269475191331100e-05   3.085228098375679e+01   1.789750917409296e+02   4.491781662908112e+01   4.315649666712513e+01
   1.939883779011953e+04  ms.14l7.b1                                         3   1.316154784833450e-05   1.771084655245440e+02   3.121088411647609e+01   4.503764116095774e+01   4.329261977262239e+01
   1.945228927421605e+04  ms.13l7.b1                                         3  -2.269475191331100e-05   3.200384957138119e+01   1.744173701498284e+02   4.517191293807507e+01   4.341319079123040e+01
   1.950574075831257e+04  ms.12l7.b1                                         3   1.316154784833450e-05   1.711704656443407e+02   3.568903881859828e+01   4.529153589427173e+01   4.353998593887043e+01
   1.956046324240909e+04  ms.11l7.b1                                         3  -2.269475191331100e-05   3.256289455349702e+01   1.718870208210071e+02   4.543854415702761e+01   4.365009224029978e+01
   2.043328755759044e+04  ms.11r7.b1                                         3   1.316154784833450e-05   1.742007496534033e+02   3.506313288254790e+01   4.734512969116647e+01   4.515320616576733e+01
   2.048674304168696e+04  ms.12r7.b1                                         3  -2.269475191331100e-05   3.028291331998465e+01   1.751689747304865e+02   4.748616164712152e+01   4.526515514881128e+01
   2.054019452578349e+04  ms.13r7.b1                                         3   1.316154784833450e-05   1.753261181102057e+02   3.144382292391317e+01   4.760809098787112e+01   4.540265328255991e+01
   2.059364600988001e+04  ms.14r7.b1                                         3  -2.269475191331100e-05   3.224754865560261e+01   1.773719523444322e+02   4.774323653592663e+01   4.552086013623452e+01
   2.064709749397653e+04  ms.15r7.b1                                         3   1.316154784833450e-05   1.784012233555362e+02   2.984345365139323e+01   4.785931083203391e+01   4.566207017996656e+01
   2.070054897807306e+04  ms.16r7.b1                                         3  -2.269475191331100e-05   3.086595057580496e+01   1.756783360099388e+02   4.799688071893659e+01   4.578492794252242e+01
   2.075400046216958e+04  ms.17r7.b1                                         3   1.316154784833450e-05   1.757524936713142e+02   3.145712482104837e+01   4.811724713150034e+01   4.592203994692626e+01
   2.080745194626610e+04  ms.18r7.b1                                         3  -2.269475191331100e-05   3.226557000219272e+01   1.762209347742133e+02   4.825212297083833e+01   4.604069279542780e+01
   2.086090343036262e+04  ms.19r7.b1                                         3   1.316154784833450e-05   1.779662917508084e+02   2.985528880692939e+01   4.836833123914417e+01   4.618250244627961e+01
   2.091435491445915e+04  ms.20r7.b1                                         3  -2.269475191331100e-05   3.085239798989625e+01   1.768379542734430e+02   4.850617017261318e+01   4.630482168025830e+01
   2.096780639855567e+04  ms.21r7.b1                                         3   1.316154784833450e-05   1.761946708832426e+02   3.142025354607864e+01   4.862638106679208e+01   4.644143402989302e+01
   2.102125788265219e+04  ms.22r7.b1                                         3  -2.269475191331100e-05   3.219487955379726e+01   1.754897620605019e+02   4.876103152827337e+01   4.656065179786082e+01
   2.107470936674871e+04  ms.23r7.b1                                         3   1.316154784833450e-05   1.761871771431138e+02   3.142259935493269e+01   4.887825361784407e+01   4.669779993595143e+01
   2.112816085084523e+04  ms.24r7.b1                                         3  -2.269475191331100e-05   3.219716485311559e+01   1.755011288064987e+02   4.901290152301747e+01   4.681700738753950e+01
   2.118161233494175e+04  ms.25r7.b1                                         3   1.316154784833450e-05   1.761944262540668e+02   3.142008017768978e+01   4.913011552215161e+01   4.695415695503770e+01
   2.123506381903828e+04  ms.26r7.b1                                         3  -2.269475191331100e-05   3.219477318750697e+01   1.754908734504504e+02   4.926476640580749e+01   4.707337466228249e+01
   2.128851530313480e+04  ms.27r7.b1                                         3   1.316154784833450e-05   1.761875191354056e+02   3.142267348661562e+01   4.938198859324643e+01   4.721052199475343e+01
   2.134196678723132e+04  ms.28r7.b1                                         3  -2.269475191331100e-05   3.219716693522721e+01   1.755000729834684e+02   4.951663631830555e+01   4.732972971682457e+01
   2.144886975542437e+04  ms.30r7.b1                                         3  -2.269475191331100e-05   3.219522005721906e+01   1.754915409180334e+02   4.976850024509269e+01   4.758609767219312e+01
   2.150232123952089e+04  ms.31r7.b1                                         3   1.316154784833450e-05   1.761876987845003e+02   3.142282194028989e+01   4.988572135788358e+01   4.772324421302335e+01
   2.155577272361741e+04  ms.32r7.b1                                         3  -2.269475191331100e-05   3.219682154725879e+01   1.754992347009020e+02   5.002036995518181e+01   4.784245193902045e+01
   2.166267569181045e+04  ms.34l8.b1                                         3  -2.269475191331100e-05   3.219556534263592e+01   1.754924399559514e+02   5.027223383192027e+01   4.809882059336821e+01
   2.176957866000350e+04  ms.32l8.b1                                         3  -2.269475191331100e-05   3.219684431804216e+01   1.754979610238417e+02   5.052410252602647e+01   4.835517480151517e+01
   2.182303014410002e+04  ms.31l8.b1                                         3   1.316154784833450e-05   1.761937644323643e+02   3.141986743045660e+01   5.064131751473811e+01   4.849232667104832e+01
   2.187648162819654e+04  ms.30l8.b1                                         3  -2.269475191331100e-05   3.219515808056853e+01   1.754941064602233e+02   5.077596766109369e+01   4.861154351654139e+01
   2.198338459638959e+04  ms.28l8.b1                                         3  -2.269475191331100e-05   3.219724989031560e+01   1.754962453976503e+02   5.102783599036199e+01   4.886789716671198e+01
   2.203683608048611e+04  ms.27l8.b1                                         3   1.316154784833450e-05   1.761935407997695e+02   3.141982886500517e+01   5.114505016150068e+01   4.900505005734163e+01
   2.209028756458263e+04  ms.26l8.b1                                         3  -2.269475191331100e-05   3.219468751108256e+01   1.754959192128029e+02   5.127970173592288e+01   4.912426622894293e+01
   2.214373904867916e+04  ms.25l8.b1                                         3   1.316154784833450e-05   1.761884186668225e+02   3.142284956876782e+01   5.139692374700289e+01   4.926141037477144e+01
   2.219719053277568e+04  ms.24l8.b1                                         3  -2.269475191331100e-05   3.219725155206364e+01   1.754948989931113e+02   5.153157077708641e+01   4.938061986353524e+01
   2.225064201687220e+04  ms.23l8.b1                                         3   1.316154784833450e-05   1.761931848893184e+02   3.141990797458540e+01   5.164878509056534e+01   4.951777323185746e+01
   2.230409350096872e+04  ms.22l8.b1                                         3  -2.269475191331100e-05   3.219475668458064e+01   1.754971758413922e+02   5.178343665291013e+01   4.963698868772979e+01
   2.235754498506524e+04  ms.21l8.b1                                         3   1.316154784833450e-05   1.758456356603182e+02   3.148621022254311e+01   5.190066192030945e+01   4.977411066462267e+01
   2.241099646916177e+04  ms.20l8.b1                                         3  -2.269475191331100e-05   3.094308697937959e+01   1.763925105074426e+02   5.203935255315815e+01   4.989262423662978e+01
   2.246444795325829e+04  ms.19l8.b1                                         3   1.316154784833450e-05   1.782919166417462e+02   2.982447685582556e+01   5.215846457571226e+01   5.003443973655464e+01
   2.251789943735481e+04  ms.18l8.b1                                         3  -2.269475191331100e-05   3.216158858349974e+01   1.766952397878491e+02   5.229234478551003e+01   5.015690066292142e+01
   2.257135092145133e+04  ms.17l8.b1                                         3   1.316154784833450e-05   1.754359641046676e+02   3.145522499539127e+01   5.240981311132499e+01   5.029348491507680e+01
   2.262480240554786e+04  ms.16l8.b1                                         3  -2.269475191331100e-05   3.098014252496493e+01   1.751992688268060e+02   5.254861124418402e+01   5.041257057546807e+01
   2.267825388964438e+04  ms.15l8.b1                                         3   1.316154784833450e-05   1.786922976832299e+02   2.988092075220410e+01   5.266746947090250e+01   5.055486971841942e+01
   2.273170537374090e+04  ms.14l8.b1                                         3  -2.269475191331100e-05   3.212074654734110e+01   1.778650288160588e+02   5.280126318893834e+01   5.067667898308457e+01
   2.278515685783742e+04  ms.13l8.b1                                         3   1.316154784833450e-05   1.754575883014296e+02   3.129805349280286e+01   5.291898066031781e+01   5.081291980440589e+01
   2.283860834193394e+04  ms.12l8.b1                                         3  -2.269475191331100e-05   3.242550882157375e+01   1.735929409686361e+02   5.305305003270310e+01   5.093352105373565e+01
   2.289333082603046e+04  ms.11l8.b1                                         3   1.316154784833450e-05   1.661945432410791e+02   3.615503787493128e+01   5.317180249048403e+01   5.106941291845940e+01
   2.376528522603039e+04  ms.11r8.b1                                         3  -1.831305072109320e-05   3.982718078342640e+01   1.460039474542668e+02   5.565924079312860e+01   5.338588321002574e+01
   2.381873774193385e+04  ms.12r8.b1                                         3   1.111777616728890e-05   1.265932302297034e+02   4.886682350516765e+01   5.578611018255399e+01   5.350161073487848e+01
   2.387218625783731e+04  ms.13r8.b1                                         3  -7.065652783946401e-05   3.339664289487733e+01   2.324053763686809e+02   5.595147269279327e+01   5.358084316700786e+01
   2.392563477374078e+04  ms.14r8.b1                                         3   5.006903799557251e-05   2.323251609616944e+02   3.143700328698400e+01   5.604888630103349e+01   5.369536608228260e+01
   2.397908328964424e+04  ms.15r8.b1                                         3  -1.831305072109320e-05   3.491430374206474e+01   1.320254798652960e+02   5.615643058273032e+01   5.383919089529918e+01
   2.403253180554770e+04  ms.16r8.b1                                         3   1.111777616728890e-05   1.320720761852988e+02   3.687318992812345e+01   5.629027639524835e+01   5.398875180592189e+01
   2.408598032145117e+04  ms.17r8.b1                                         3  -7.065652783946401e-05   3.339378378823650e+01   2.324081772195187e+02   5.645144054933370e+01   5.408081590680828e+01
   2.413942883735463e+04  ms.18r8.b1                                         3   5.006903799557251e-05   2.323222858096224e+02   3.143981215424937e+01   5.654885963085015e+01   5.419533175282970e+01
   2.419287735325809e+04  ms.19r8.b1                                         3  -1.831305072109320e-05   3.491677859703929e+01   1.320228677143351e+02   5.665640018034590e+01   5.433914953817538e+01
   2.424632586916156e+04  ms.20r8.b1                                         3   1.111777616728890e-05   1.320747309983244e+02   3.687039864629521e+01   5.679023790096432e+01   5.448872084651185e+01
   2.429977438506502e+04  ms.21r8.b1                                         3  -7.065652783946401e-05   3.339139825262286e+01   2.324104348845466e+02   5.695140859459715e+01   5.458078837775517e+01
   2.435322290096848e+04  ms.22r8.b1                                         3   5.006903799557251e-05   2.323188415235497e+02   3.144311198005238e+01   5.704883249664479e+01   5.469529622755662e+01
   2.440667141687194e+04  ms.23r8.b1                                         3  -1.831305072109320e-05   3.491945320298615e+01   1.320199572335038e+02   5.715636910629043e+01   5.483910563680266e+01
   2.446011993277541e+04  ms.24r8.b1                                         3   1.111777616728890e-05   1.320778924003298e+02   3.686699246700388e+01   5.729019788460724e+01   5.498868941031203e+01
   2.451356844867887e+04  ms.25r8.b1                                         3  -7.065652783946401e-05   3.338853901271867e+01   2.324132206332446e+02   5.745137644571370e+01   5.508076111812628e+01
   2.456701696458233e+04  ms.26r8.b1                                         3   5.006903799557251e-05   2.323159543068497e+02   3.144592125273486e+01   5.754880582568411e+01   5.519526190488538e+01
   2.462046548048580e+04  ms.27r8.b1                                         3  -1.831305072109320e-05   3.492192737107231e+01   1.320173583741307e+02   5.765633870875241e+01   5.533906427822391e+01
   2.467391399638926e+04  ms.28r8.b1                                         3   1.111777616728890e-05   1.320805570069916e+02   3.686420029412856e+01   5.779015939307563e+01   5.548865844572492e+01
   2.472736251229272e+04  ms.29r8.b1                                         3  -7.065652783946401e-05   3.338615368789430e+01   2.324154626086864e+02   5.795134448633259e+01   5.558073358969141e+01
   2.483425954409965e+04  ms.31r8.b1                                         3  -1.831305072109320e-05   3.492666520248923e+01   1.320134209162738e+02   5.815630386488770e+01   5.583902118073399e+01
   2.488770806000311e+04  ms.32r8.b1                                         3   1.111777616728890e-05   1.320845847475714e+02   3.686095173628642e+01   5.829010977426707e+01   5.598862820067455e+01
   2.494115657590658e+04  ms.33r8.b1                                         3  -7.065652783946401e-05   3.338139505342045e+01   2.324201039728946e+02   5.845130915678852e+01   5.608070688529236e+01
   2.504805360771350e+04  ms.33l1.b1                                         3  -1.831305072109320e-05   3.493158442852791e+01   1.320096016348305e+02   5.865626900169334e+01   5.633898077572933e+01
   2.515495063952043e+04  ms.31l1.b1                                         3  -7.065652783946401e-05   3.337695064344761e+01   2.324241712554735e+02   5.895127269293727e+01   5.658068010017333e+01
   2.520839915542389e+04  ms.30l1.b1                                         3   5.006903799557251e-05   2.323059970566294e+02   3.145529808176464e+01   5.904872386831167e+01   5.669515681967295e+01
   2.526184767132736e+04  ms.29l1.b1                                         3  -1.831305072109320e-05   3.493403637528444e+01   1.320069405920556e+02   5.915623737600396e+01   5.683893705101423e+01
   2.536874470313428e+04  ms.27l1.b1                                         3  -7.065652783946401e-05   3.337439924298845e+01   2.324263211363541e+02   5.945123934742673e+01   5.708065297910775e+01
   2.542219321903774e+04  ms.26l1.b1                                         3   5.006903799557251e-05   2.323028089277807e+02   3.145806284363173e+01   5.954869556166003e+01   5.719512293006692e+01
   2.547564173494121e+04  ms.25l1.b1                                         3  -1.831305072109320e-05   3.493615134757808e+01   1.320047255271547e+02   5.965620608397117e+01   5.733889598113944e+01
   2.552909025084467e+04  ms.24l1.b1                                         3   1.111777616728890e-05   1.320941683539136e+02   3.685214246859291e+01   5.978998140485167e+01   5.748853622803102e+01
   2.558253876674813e+04  ms.23l1.b1                                         3  -7.065652783946401e-05   3.337201411036001e+01   2.324285320976046e+02   5.995120737527895e+01   5.758062545227135e+01
   2.563598728265160e+04  ms.22l1.b1                                         3   5.006903799557251e-05   2.322993181509514e+02   3.146136487155171e+01   6.004866842534044e+01   5.769508742507603e+01
   2.568943579855506e+04  ms.21l1.b1                                         3  -1.831305072109320e-05   3.493882531326268e+01   1.320018560230851e+02   6.015617502603961e+01   5.783885207293594e+01
   2.574288431445853e+04  ms.20l1.b1                                         3   1.111777616728890e-05   1.320973687295348e+02   3.684873346420305e+01   6.028994139116821e+01   5.798850477617686e+01
   2.579633283036199e+04  ms.19l1.b1                                         3  -7.065652783946401e-05   3.336915428029177e+01   2.324312729174403e+02   6.045117520657132e+01   5.808059819469175e+01
   2.584978134626545e+04  ms.18l1.b1                                         3   5.006903799557251e-05   2.322963857530504e+02   3.146417552776195e+01   6.054864175197194e+01   5.819505312264565e+01
   2.590322986216892e+04  ms.17l1.b1                                         3  -1.831305072109320e-05   3.494129731399607e+01   1.319992966990570e+02   6.065614464646021e+01   5.833881070949542e+01
   2.595667837807238e+04  ms.16l1.b1                                         3   1.111777616728890e-05   1.321000700694617e+02   3.684593844926749e+01   6.078990290853719e+01   5.848847379632382e+01
   2.601012689397584e+04  ms.15l1.b1                                         3  -7.065652783946401e-05   3.336676936465138e+01   2.324334681828613e+02   6.095114322977334e+01   5.858057066846268e+01
   2.606357540987930e+04  ms.14l1.b1                                         3   5.006903799557251e-05   2.322928825353308e+02   3.146747822340076e+01   6.104861461495269e+01   5.869501762444063e+01
   2.611702392578277e+04  ms.13l1.b1                                         3  -1.831305072109320e-05   3.478481887468463e+01   1.325578778436436e+02   6.115615602720113e+01   5.883875656852550e+01
   2.617047244168623e+04  ms.12l1.b1                                         3   1.111777616728890e-05   1.301017314889826e+02   3.924490123006525e+01   6.129198035780426e+01   5.898111151930755e+01
   2.622519195758969e+04  ms.11l1.b1                                         3  -7.065652783946401e-05   3.789974208122405e+01   2.214568090095736e+02   6.145285702157350e+01   5.907126236189505e+01
   2.665888319999891e+04  end_marker                                       100   0.000000000000000e+00   3.000118837023715e-01   2.999958306538682e-01   6.231000116606886e+01   6.032000183418794e+01
