
 etall    1, NO =    5, NV =    5, INA =   27
 *********************************************

    I  COEFFICIENT          ORDER   EXPONENTS
     1   -2.717172890719        1     1 0  0 0  0
  -2.7171728907192616     
     2    62.42730907218        1     0 1  0 0  0
   62.427309072178353     
     3    10.35630086254        1     0 0  0 0  1
   10.356300862541142     
     4   -8.547548040524        2     2 0  0 0  0
  -8.5475480405242816     
     5    405.7172989844        2     1 1  0 0  0
   405.71729898438872     
     6   -7374.865760059        2     0 2  0 0  0
  -7374.8657600592069     
     7   -17.23041647713        2     0 0  2 0  0
  -17.230416477128646     
     8   -284.7447787086        2     0 0  1 1  0
  -284.74477870859812     
     9    255.5764723054        2     1 0  0 0  1
   255.57647230543066     
    10   -22000.51102996        2     0 1  0 0  1
  -22000.511029957688     
    11   -1587.044097303        2     0 0  0 2  0
  -1587.0440973030604     
    12    3540.283457380        2     0 0  0 0  2
   3540.2834573802634     
    13    199.4794683846        3     3 0  0 0  0
   199.47946838457568     
    14   -8711.552111318        3     2 1  0 0  0
  -8711.5521113182840     
    15    32569.70842687        3     1 2  0 0  0
   32569.708426873767     
    16    1338630.299033        3     0 3  0 0  0
   1338630.2990326656     
    17   -121.6126390985        3     1 0  2 0  0
  -121.61263909848819     
    18    30150.84192679        3     0 1  2 0  0
   30150.841926789490     
    19   -25488.06700635        3     1 0  1 1  0
  -25488.067006348829     
    20    766155.5445964        3     0 1  1 1  0
   766155.54459640663     
    21   -12714.38835135        3     2 0  0 0  1
  -12714.388351348471     
    22    992779.2189335        3     1 1  0 0  1
   992779.21893351548     
    23   -15682060.90440        3     0 2  0 0  1
  -15682060.904402431     
    24   -10033.41948254        3     0 0  2 0  1
  -10033.419482537485     
    25   -114328.4637689        3     1 0  0 2  0
  -114328.46376886782     
    26    2440115.454454        3     0 1  0 2  0
   2440115.4544541994     
    27    101179.9654627        3     0 0  1 1  1
   101179.96546274860     
    28    482272.8702388        3     1 0  0 0  2
   482272.87023881456     
    29   -11476107.37168        3     0 1  0 0  2
  -11476107.371675929     
    30    25020.20415363        3     0 0  0 2  1
   25020.204153626240     
    31   -653089.1506177        3     0 0  0 0  3
  -653089.15061768540     
    32    3970.685331497        4     4 0  0 0  0
   3970.6853314972950     
    33   -381506.3513958        4     3 1  0 0  0
  -381506.35139578872     
    34    14238743.78048        4     2 2  0 0  0
   14238743.780484816     
    35   -242599561.8068        4     1 3  0 0  0
  -242599561.80681026     
    36    1589612388.541        4     0 4  0 0  0
   1589612388.5411787     
    37    2547.309084847        4     2 0  2 0  0
   2547.3090848474758     
    38   -100527.3047688        4     1 1  2 0  0
  -100527.30476878147     
    39    2957174.070693        4     0 2  2 0  0
   2957174.0706928493     
    40    8090.469372509        4     0 0  4 0  0
   8090.4693725088237     
    41    151658.7421779        4     2 0  1 1  0
   151658.74217789213     
    42   -11323962.76809        4     1 1  1 1  0
  -11323962.768091988     
    43    183816243.0885        4     0 2  1 1  0
   183816243.08854729     
    44   -99064.15959550        4     0 0  3 1  0
  -99064.159595495556     
    45   -37038.18831272        4     3 0  0 0  1
  -37038.188312721933     
    46    7229242.245073        4     2 1  0 0  1
   7229242.2450725175     
    47   -266963807.1942        4     1 2  0 0  1
  -266963807.19415906     
    48    2569711854.472        4     0 3  0 0  1
   2569711854.4720054     
    49    422909.2653449        4     1 0  2 0  1
   422909.26534489490     
    50   -5931677.200656        4     0 1  2 0  1
  -5931677.2006562697     
    51    2498650.894317        4     2 0  0 2  0
   2498650.8943165601     
    52   -132011125.2080        4     1 1  0 2  0
  -132011125.20802160     
    53    1795087687.838        4     0 2  0 2  0
   1795087687.8380585     
    54   -1877719.519411        4     0 0  2 2  0
  -1877719.5194109560     
    55    9521207.515326        4     1 0  1 1  1
   9521207.5153258443     
    56   -28908001.16516        4     0 1  1 1  1
  -28908001.165157579     
    57   -7327579.307627        4     2 0  0 0  2
  -7327579.3076265119     
    58    317898153.1904        4     1 1  0 0  2
   317898153.19038081     
    59   -2267389641.292        4     0 2  0 0  2
  -2267389641.2921968     
    60   -1501628.858485        4     0 0  2 0  2
  -1501628.8584848091     
    61   -3503936.965055        4     0 0  1 3  0
  -3503936.9650546424     
    62   -135362095.8562        4     1 0  0 2  1
  -135362095.85617894     
    63    3147005561.808        4     0 1  0 2  1
   3147005561.8077836     
    64   -7413005.600668        4     0 0  1 1  2
  -7413005.6006683223     
    65    5120859.869281        4     1 0  0 0  3
   5120859.8692810284     
    66    595464275.1016        4     0 1  0 0  3
   595464275.10157311     
    67   -15177647.48243        4     0 0  0 4  0
  -15177647.482428197     
    68    472909333.3903        4     0 0  0 2  2
   472909333.39030349     
    69   -202514213.4548        4     0 0  0 0  4
  -202514213.45479566     
    70   -104008.4426649        5     5 0  0 0  0
  -104008.44266485788     
    71    16487034.46984        5     4 1  0 0  0
   16487034.469843227     
    72   -1015576001.776        5     3 2  0 0  0
  -1015576001.7755258     
    73    31303296113.76        5     2 3  0 0  0
   31303296113.758194     
    74   -488744112759.2        5     1 4  0 0  0
  -488744112759.15857     
    75    3127578273316.        5     0 5  0 0  0
   3127578273315.9556     
    76    137839.5312596        5     3 0  2 0  0
   137839.53125961561     
    77   -5817705.686962        5     2 1  2 0  0
  -5817705.6869623857     
    78    94156421.12133        5     1 2  2 0  0
   94156421.121326715     
    79   -1113795843.026        5     0 3  2 0  0
  -1113795843.0264273     
    80   -426245.0797840        5     1 0  4 0  0
  -426245.07978399511     
    81    17848958.43598        5     0 1  4 0  0
   17848958.435978267     
    82    16274006.05690        5     3 0  1 1  0
   16274006.056904029     
    83   -1439490696.374        5     2 1  1 1  0
  -1439490696.3738763     
    84    42913192852.10        5     1 2  1 1  0
   42913192852.100006     
    85   -425826929403.3        5     0 3  1 1  0
  -425826929403.27936     
    86   -8266438.952454        5     1 0  3 1  0
  -8266438.9524542429     
    87    475894818.3080        5     0 1  3 1  0
   475894818.30804944     
    88    76980.18064862        5     4 0  0 0  1
   76980.180648621288     
    89    52388887.37097        5     3 1  0 0  1
   52388887.370970659     
    90   -4207939119.626        5     2 2  0 0  1
  -4207939119.6264815     
    91    110778547005.4        5     1 3  0 0  1
   110778547005.39569     
    92   -1002845615926.        5     0 4  0 0  1
  -1002845615926.0403     
    93    2166595.550011        5     2 0  2 0  1
   2166595.5500110062     
    94    248724499.6928        5     1 1  2 0  1
   248724499.69277000     
    95   -9701146944.206        5     0 2  2 0  1
  -9701146944.2061920     
    96    643958.3469275        5     0 0  4 0  1
   643958.34692750894     
    97    223581424.3776        5     3 0  0 2  0
   223581424.37755713     
    98   -15821378329.89        5     2 1  0 2  0
  -15821378329.887957     
    99    373080563756.6        5     1 2  0 2  0
   373080563756.62811     
   100   -2835055041052.        5     0 3  0 2  0
  -2835055041052.1401     
   101    11656559.13458        5     1 0  2 2  0
   11656559.134579249     
   102    3806671561.504        5     0 1  2 2  0
   3806671561.5041409     
   103   -87754325.90292        5     2 0  1 1  1
  -87754325.902924299     
   104    7448585676.316        5     1 1  1 1  1
   7448585676.3159552     
   105   -159022222468.1        5     0 2  1 1  1
  -159022222468.12671     
   106   -39396882.28859        5     0 0  3 1  1
  -39396882.288585290     
   107   -314798975.6801        5     3 0  0 0  2
  -314798975.68014145     
   108    15940050613.10        5     2 1  0 0  2
   15940050613.098307     
   109   -148167124187.1        5     1 2  0 0  2
  -148167124187.07532     
   110   -1130156398451.        5     0 3  0 0  2
  -1130156398451.0044     
   111   -658016147.4040        5     1 0  2 0  2
  -658016147.40400720     
   112    10737707278.95        5     0 1  2 0  2
   10737707278.948612     
   113   -1173215797.079        5     1 0  1 3  0
  -1173215797.0792065     
   114    44416396065.65        5     0 1  1 3  0
   44416396065.645905     
   115    837852479.0937        5     2 0  0 2  1
   837852479.09368348     
   116   -27445001106.36        5     1 1  0 2  1
  -27445001106.364616     
   117    46489567038.61        5     0 2  0 2  1
   46489567038.612877     
   118   -1252569441.171        5     0 0  2 2  1
  -1252569441.1712096     
   119   -2143565921.610        5     1 0  1 1  2
  -2143565921.6097479     
   120    137866732546.7        5     0 1  1 1  2
   137866732546.67023     
   121    3644687307.591        5     2 0  0 0  3
   3644687307.5913682     
   122   -273494739552.1        5     1 1  0 0  3
  -273494739552.13501     
   123    4188792764381.        5     0 2  0 0  3
   4188792764381.3340     
   124    1817383061.775        5     0 0  2 0  3
   1817383061.7748587     
   125   -7409734670.274        5     1 0  0 4  0
  -7409734670.2741356     
   126    193708105006.4        5     0 1  0 4  0
   193708105006.42996     
   127    1395823432.311        5     0 0  1 3  1
   1395823432.3108053     
   128    65974392817.71        5     1 0  0 2  2
   65974392817.711555     
   129   -1040525870679.        5     0 1  0 2  2
  -1040525870679.0459     
   130   -37695836210.08        5     0 0  1 1  3
  -37695836210.082115     
   131   -2541330206.611        5     1 0  0 0  4
  -2541330206.6112790     
   132    193594536437.8        5     0 1  0 0  4
   193594536437.84186     
   133    16529362239.30        5     0 0  0 4  1
   16529362239.302050     
   134   -212995142115.0        5     0 0  0 2  3
  -212995142114.98221     
   135    3044493236.669        5     0 0  0 0  5
   3044493236.6690998     
                                      

 etall    1, NO =    5, NV =    5, INA =   30
 *********************************************

    I  COEFFICIENT          ORDER   EXPONENTS
     1  -0.8997218575135E-01    1     1 0  0 0  0
  -8.9972185751352574E-002
     2    1.699090059219        1     0 1  0 0  0
   1.6990900592185143     
     3   0.4477621913199        1     0 0  0 0  1
  0.44776219131986272     
     4  -0.1770412188139        2     2 0  0 0  0
 -0.17704121881394896     
     5    10.87953521319        2     1 1  0 0  0
   10.879535213185312     
     6   -242.3282424108        2     0 2  0 0  0
  -242.32824241078896     
     7  -0.7416450482576        2     0 0  2 0  0
 -0.74164504825763089     
     8   -12.51537850948        2     0 0  1 1  0
  -12.515378509480078     
     9    30.76062985861        2     1 0  0 0  1
   30.760629858611843     
    10   -1275.402820639        2     0 1  0 0  1
  -1275.4028206386347     
    11   -76.93590614702        2     0 0  0 2  0
  -76.935906147018201     
    12    97.17869565773        2     0 0  0 0  2
   97.178695657731325     
    13    11.81238411768        3     3 0  0 0  0
   11.812384117675780     
    14   -743.9983074137        3     2 1  0 0  0
  -743.99830741369271     
    15    13287.99606931        3     1 2  0 0  0
   13287.996069305491     
    16   -55086.64122067        3     0 3  0 0  0
  -55086.641220668214     
    17    4.021626871563        3     1 0  2 0  0
   4.0216268715633472     
    18    833.2109620847        3     0 1  2 0  0
   833.21096208473023     
    19   -965.8886201346        3     1 0  1 1  0
  -965.88862013462176     
    20    31841.34975104        3     0 1  1 1  0
   31841.349751036254     
    21   -333.1195077620        3     2 0  0 0  1
  -333.11950776196284     
    22    33866.75047062        3     1 1  0 0  1
   33866.750470615523     
    23   -588394.8012945        3     0 2  0 0  1
  -588394.80129449687     
    24   -71.03202302387        3     0 0  2 0  1
  -71.032023023872057     
    25   -7927.606118523        3     1 0  0 2  0
  -7927.6061185233984     
    26    192949.2833397        3     0 1  0 2  0
   192949.28333965954     
    27    5754.886664868        3     0 0  1 1  1
   5754.8866648678904     
    28    14872.15952858        3     1 0  0 0  2
   14872.159528581005     
    29   -291018.5449848        3     0 1  0 0  2
  -291018.54498477519     
    30   -12476.35150696        3     0 0  0 2  1
  -12476.351506961371     
    31   -36311.41330191        3     0 0  0 0  3
  -36311.413301914661     
    32    116.1119595663        4     4 0  0 0  0
   116.11195956631300     
    33   -12721.16337191        4     3 1  0 0  0
  -12721.163371910094     
    34    553600.6220764        4     2 2  0 0  0
   553600.62207639066     
    35   -11094230.80868        4     1 3  0 0  0
  -11094230.808675386     
    36    84825067.35957        4     0 4  0 0  0
   84825067.359572753     
    37    209.9673113833        4     2 0  2 0  0
   209.96731138333087     
    38   -11892.15648590        4     1 1  2 0  0
  -11892.156485896441     
    39    182350.2809356        4     0 2  2 0  0
   182350.28093556961     
    40    329.2531444250        4     0 0  4 0  0
   329.25314442498706     
    41    7844.450245456        4     2 0  1 1  0
   7844.4502454559333     
    42   -504637.8680531        4     1 1  1 1  0
  -504637.86805305525     
    43    6988887.657511        4     0 2  1 1  0
   6988887.6575112734     
    44   -1612.190339413        4     0 0  3 1  0
  -1612.1903394134206     
    45    6676.516617801        4     3 0  0 0  1
   6676.5166178013251     
    46   -341650.0568147        4     2 1  0 0  1
  -341650.05681466614     
    47    4594242.225000        4     1 2  0 0  1
   4594242.2250001002     
    48   -9765894.332078        4     0 3  0 0  1
  -9765894.3320781365     
    49    30450.59046473        4     1 0  2 0  1
   30450.590464725519     
    50   -745093.2334096        4     0 1  2 0  1
  -745093.23340960382     
    51    141749.7698903        4     2 0  0 2  0
   141749.76989027151     
    52   -7006361.265987        4     1 1  0 2  0
  -7006361.2659873851     
    53    84774467.58736        4     0 2  0 2  0
   84774467.587360173     
    54   -81298.41009513        4     0 0  2 2  0
  -81298.410095128027     
    55    576862.0529827        4     1 0  1 1  1
   576862.05298268737     
    56   -8478142.222495        4     0 1  1 1  1
  -8478142.2224954311     
    57   -350115.9172376        4     2 0  0 0  2
  -350115.91723759705     
    58    15983902.28213        4     1 1  0 0  2
   15983902.282132689     
    59   -134400441.0559        4     0 2  0 0  2
  -134400441.05587900     
    60    16899.52964630        4     0 0  2 0  2
   16899.529646304974     
    61   -358091.4893975        4     0 0  1 3  0
  -358091.48939748848     
    62   -4351229.934952        4     1 0  0 2  1
  -4351229.9349519275     
    63    103369433.1180        4     0 1  0 2  1
   103369433.11803667     
    64    2378555.636764        4     0 0  1 1  2
   2378555.6367638176     
    65   -1021015.755816        4     1 0  0 0  3
  -1021015.7558163734     
    66    42968564.76225        4     0 1  0 0  3
   42968564.762248509     
    67   -774287.1761820        4     0 0  0 4  0
  -774287.17618195200     
    68    25314163.63932        4     0 0  0 2  2
   25314163.639323220     
    69   -4638883.934914        4     0 0  0 0  4
  -4638883.9349137880     
    70   -10171.60135015        5     5 0  0 0  0
  -10171.601350153687     
    71    1363522.749267        5     4 1  0 0  0
   1363522.7492667518     
    72   -74572767.21175        5     3 2  0 0  0
  -74572767.211753085     
    73    2088693031.081        5     2 3  0 0  0
   2088693031.0814960     
    74   -30011947341.95        5     1 4  0 0  0
  -30011947341.948513     
    75    177669816460.1        5     0 5  0 0  0
   177669816460.11899     
    76   -11407.37275481        5     3 0  2 0  0
  -11407.372754805920     
    77    873841.8026073        5     2 1  2 0  0
   873841.80260728451     
    78   -21866981.61087        5     1 2  2 0  0
  -21866981.610870123     
    79    186076423.3213        5     0 3  2 0  0
   186076423.32127208     
    80   -13352.87773200        5     1 0  4 0  0
  -13352.877732001059     
    81    504674.7963004        5     0 1  4 0  0
   504674.79630039271     
    82    562241.8792386        5     3 0  1 1  0
   562241.87923856080     
    83   -52983820.58193        5     2 1  1 1  0
  -52983820.581931740     
    84    1606557027.136        5     1 2  1 1  0
   1606557027.1361394     
    85   -15798995034.13        5     0 3  1 1  0
  -15798995034.126862     
    86   -267645.7320651        5     1 0  3 1  0
  -267645.73206514656     
    87    17373670.52279        5     0 1  3 1  0
   17373670.522790503     
    88    111463.5376659        5     4 0  0 0  1
   111463.53766586680     
    89   -9894637.069107        5     3 1  0 0  1
  -9894637.0691072270     
    90    336537095.3922        5     2 2  0 0  1
   336537095.39224720     
    91   -5003118662.270        5     1 3  0 0  1
  -5003118662.2701044     
    92    25381143208.66        5     0 4  0 0  1
   25381143208.657890     
    93    303117.5695153        5     2 0  2 0  1
   303117.56951526785     
    94    1070561.114471        5     1 1  2 0  1
   1070561.1144713871     
    95   -351201362.6728        5     0 2  2 0  1
  -351201362.67276680     
    96    16482.47959325        5     0 0  4 0  1
   16482.479593249707     
    97    8123259.571149        5     3 0  0 2  0
   8123259.5711493175     
    98   -581910304.0260        5     2 1  0 2  0
  -581910304.02597594     
    99    13753451415.80        5     1 2  0 2  0
   13753451415.799908     
   100   -103556799955.4        5     0 3  0 2  0
  -103556799955.36502     
   101   -1106631.720678        5     1 0  2 2  0
  -1106631.7206782959     
   102    192156615.1022        5     0 1  2 2  0
   192156615.10223681     
   103   -6003796.288182        5     2 0  1 1  1
  -6003796.2881821524     
   104    497864365.6865        5     1 1  1 1  1
   497864365.68651956     
   105   -10053518948.04        5     0 2  1 1  1
  -10053518948.039669     
   106    1013121.479358        5     0 0  3 1  1
   1013121.4793584937     
   107   -13326149.87001        5     3 0  0 0  2
  -13326149.870010871     
   108    870558279.1922        5     2 1  0 0  2
   870558279.19221711     
   109   -16056115306.76        5     1 2  0 0  2
  -16056115306.763630     
   110    68937413358.77        5     0 3  0 0  2
   68937413358.765137     
   111   -25268190.74072        5     1 0  2 0  2
  -25268190.740722608     
   112    528558653.4185        5     0 1  2 0  2
   528558653.41852862     
   113   -21694223.13417        5     1 0  1 3  0
  -21694223.134166952     
   114    1260205720.315        5     0 1  1 3  0
   1260205720.3145649     
   115    40801796.25558        5     2 0  0 2  1
   40801796.255577505     
   116   -873514052.3236        5     1 1  0 2  1
  -873514052.32363808     
   117   -8277466291.371        5     0 2  0 2  1
  -8277466291.3708324     
   118   -12578737.21291        5     0 0  2 2  1
  -12578737.212912664     
   119    41392197.73057        5     1 0  1 1  2
   41392197.730572194     
   120    2384281128.888        5     0 1  1 1  2
   2384281128.8877802     
   121    86220350.34612        5     2 0  0 0  3
   86220350.346117049     
   122   -8878928171.240        5     1 1  0 0  3
  -8878928171.2398739     
   123    156857401516.7        5     0 2  0 0  3
   156857401516.74203     
   124   -14340545.18824        5     0 0  2 0  3
  -14340545.188236535     
   125   -253250771.5308        5     1 0  0 4  0
  -253250771.53080732     
   126    6424914094.083        5     0 1  0 4  0
   6424914094.0831337     
   127    201141083.7740        5     0 0  1 3  1
   201141083.77401018     
   128    3288069195.012        5     1 0  0 2  2
   3288069195.0124993     
   129   -65473761033.79        5     0 1  0 2  2
  -65473761033.791656     
   130   -1929888667.706        5     0 0  1 1  3
  -1929888667.7061276     
   131    254724694.3596        5     1 0  0 0  4
   254724694.35964131     
   132   -3241082454.811        5     0 1  0 0  4
  -3241082454.8109775     
   133    1421043341.710        5     0 0  0 4  1
   1421043341.7100894     
   134   -3160421782.805        5     0 0  0 2  3
  -3160421782.8054543     
   135    313265380.0609        5     0 0  0 0  5
   313265380.06091100     
                                      

 etall    1, NO =    5, NV =    5, INA =   31
 *********************************************

    I  COEFFICIENT          ORDER   EXPONENTS
     1   0.1321713768382        1     0 0  1 0  0
  0.13217137683818525     
     2    10.76753993639        1     0 0  0 1  0
   10.767539936393961     
     3    8.903514567830        2     1 0  1 0  0
   8.9035145678298928     
     4   -327.2687374509        2     0 1  1 0  0
  -327.26873745090813     
     5    72.79607699902        2     1 0  0 1  0
   72.796076999017828     
     6   -2646.478769223        2     0 1  0 1  0
  -2646.4787692231967     
     7   -659.0500464417        2     0 0  1 0  1
  -659.05004644173630     
     8   -1942.709698217        2     0 0  0 1  1
  -1942.7096982173312     
     9   -197.5164419487        3     2 0  1 0  0
  -197.51644194867526     
    10    10091.25753768        3     1 1  1 0  0
   10091.257537682091     
    11   -15710.34323578        3     0 2  1 0  0
  -15710.343235777866     
    12   -98.45908606276        3     0 0  3 0  0
  -98.459086062758672     
    13    520.8278662026        3     2 0  0 1  0
   520.82786620256593     
    14   -105260.2228746        3     1 1  0 1  0
  -105260.22287455841     
    15    2556055.164567        3     0 2  0 1  0
   2556055.1645666133     
    16   -1705.727068384        3     0 0  2 1  0
  -1705.7270683836864     
    17   -4101.932909632        3     1 0  1 0  1
  -4101.9329096324491     
    18    6681.600609960        3     0 1  1 0  1
   6681.6006099601218     
    19   -28532.19635249        3     0 0  1 2  0
  -28532.196352485997     
    20    43296.96980538        3     1 0  0 1  1
   43296.969805379362     
    21   -822031.3312431        3     0 1  0 1  1
  -822031.33124314307     
    22    3104.705311436        3     0 0  1 0  2
   3104.7053114361479     
    23   -40017.32940132        3     0 0  0 3  0
  -40017.329401318741     
    24   -2134817.460550        3     0 0  0 1  2
  -2134817.4605497657     
    25   -3509.611710420        4     3 0  1 0  0
  -3509.6117104196474     
    26    256373.0510526        4     2 1  1 0  0
   256373.05105259037     
    27   -6711693.099873        4     1 2  1 0  0
  -6711693.0998727828     
    28    67061848.43899        4     0 3  1 0  0
   67061848.438994117     
    29   -2528.668545450        4     1 0  3 0  0
  -2528.6685454497147     
    30    97687.72037778        4     0 1  3 0  0
   97687.720377779173     
    31   -36773.20378829        4     3 0  0 1  0
  -36773.203788287115     
    32    2830831.022734        4     2 1  0 1  0
   2830831.0227342611     
    33   -74377148.15002        4     1 2  0 1  0
  -74377148.150024623     
    34    623529725.7850        4     0 3  0 1  0
   623529725.78503835     
    35   -86386.33172755        4     1 0  2 1  0
  -86386.331727548008     
    36    1059698.769248        4     0 1  2 1  0
   1059698.7692475906     
    37   -177521.6152051        4     2 0  1 0  1
  -177521.61520513520     
    38    1320209.733219        4     1 1  1 0  1
   1320209.7332187109     
    39    75158417.03426        4     0 2  1 0  1
   75158417.034264609     
    40    48347.81652268        4     0 0  3 0  1
   48347.816522676701     
    41    392783.7494260        4     1 0  1 2  0
   392783.74942604918     
    42   -12794049.33245        4     0 1  1 2  0
  -12794049.332449544     
    43    6440743.272423        4     2 0  0 1  1
   6440743.2724229265     
    44   -293664031.7243        4     1 1  0 1  1
  -293664031.72426182     
    45    3288888901.636        4     0 2  0 1  1
   3288888901.6358690     
    46   -1645711.106421        4     0 0  2 1  1
  -1645711.1064207344     
    47    352543.6240076        4     1 0  1 0  2
   352543.62400758825     
    48   -6418444.866155        4     0 1  1 0  2
  -6418444.8661550581     
    49    1865171.785623        4     1 0  0 3  0
   1865171.7856227495     
    50   -28553481.43860        4     0 1  0 3  0
  -28553481.438599586     
    51   -53376656.95302        4     0 0  1 2  1
  -53376656.953018896     
    52   -32634581.56673        4     1 0  0 1  2
  -32634581.566732302     
    53    952520163.2921        4     0 1  0 1  2
   952520163.29214025     
    54    46467984.34113        4     0 0  1 0  3
   46467984.341125347     
    55   -166985004.3506        4     0 0  0 3  1
  -166985004.35056132     
    56    215353948.1489        4     0 0  0 1  3
   215353948.14888737     
    57    232173.7482988        5     4 0  1 0  0
   232173.74829880337     
    58   -22945006.94798        5     3 1  1 0  0
  -22945006.947982263     
    59    908238970.0803        5     2 2  1 0  0
   908238970.08028519     
    60   -16623296984.17        5     1 3  1 0  0
  -16623296984.170002     
    61    114290772262.0        5     0 4  1 0  0
   114290772262.02673     
    62   -2605.521607654        5     2 0  3 0  0
  -2605.5216076542565     
    63   -3949887.945590        5     1 1  3 0  0
  -3949887.9455895759     
    64    126397643.0895        5     0 2  3 0  0
   126397643.08954778     
    65    102688.2791108        5     0 0  5 0  0
   102688.27911077035     
    66    2189927.435097        5     4 0  0 1  0
   2189927.4350974075     
    67   -219010759.7957        5     3 1  0 1  0
  -219010759.79567084     
    68    7995860641.939        5     2 2  0 1  0
   7995860641.9394321     
    69   -122616032555.3        5     1 3  0 1  0
  -122616032555.27824     
    70    644785782708.5        5     0 4  0 1  0
   644785782708.54138     
    71    4432413.501541        5     2 0  2 1  0
   4432413.5015410297     
    72   -347946016.5977        5     1 1  2 1  0
  -347946016.59765720     
    73    5909010058.923        5     0 2  2 1  0
   5909010058.9229031     
    74    573413.1996479        5     0 0  4 1  0
   573413.19964786363     
    75   -1964243.665035        5     3 0  1 0  1
  -1964243.6650349407     
    76    53777890.36841        5     2 1  1 0  1
   53777890.368409604     
    77   -516608739.0453        5     1 2  1 0  1
  -516608739.04525566     
    78    10373804177.44        5     0 3  1 0  1
   10373804177.436783     
    79   -1662851.581351        5     1 0  3 0  1
  -1662851.5813513577     
    80    65261322.94967        5     0 1  3 0  1
   65261322.949665971     
    81    118613483.5766        5     2 0  1 2  0
   118613483.57661650     
    82   -5091248900.339        5     1 1  1 2  0
  -5091248900.3386726     
    83    61448330294.35        5     0 2  1 2  0
   61448330294.353226     
    84    11256926.67288        5     0 0  3 2  0
   11256926.672876228     
    85    71783389.47190        5     3 0  0 1  1
   71783389.471900120     
    86   -4967728478.841        5     2 1  0 1  1
  -4967728478.8414907     
    87    113160855266.5        5     1 2  0 1  1
   113160855266.53592     
    88   -839969109050.7        5     0 3  0 1  1
  -839969109050.68652     
    89   -48027738.45883        5     1 0  2 1  1
  -48027738.458826825     
    90    645274578.8695        5     0 1  2 1  1
   645274578.86949253     
    91    133562904.6740        5     2 0  1 0  2
   133562904.67399316     
    92   -9576088595.590        5     1 1  1 0  2
  -9576088595.5895367     
    93    120608501992.2        5     0 2  1 0  2
   120608501992.21519     
    94    13032356.54528        5     0 0  3 0  2
   13032356.545280322     
    95   -215255189.5397        5     2 0  0 3  0
  -215255189.53973904     
    96    7450242225.667        5     1 1  0 3  0
   7450242225.6670227     
    97   -53819707139.91        5     0 2  0 3  0
  -53819707139.907333     
    98    126186012.3321        5     0 0  2 3  0
   126186012.33205645     
    99   -303823269.8813        5     1 0  1 2  1
  -303823269.88125014     
   100    3348538388.688        5     0 1  1 2  1
   3348538388.6882553     
   101   -2205012545.936        5     2 0  0 1  2
  -2205012545.9356346     
   102    95349474239.38        5     1 1  0 1  2
   95349474239.376312     
   103   -970078694620.0        5     0 2  0 1  2
  -970078694619.97180     
   104    4102482593.488        5     0 0  2 1  2
   4102482593.4878635     
   105    1377929771.846        5     1 0  1 0  3
   1377929771.8462830     
   106   -13738669919.74        5     0 1  1 0  3
  -13738669919.736118     
   107    648433777.9808        5     0 0  1 4  0
   648433777.98084462     
   108    6787203705.461        5     1 0  0 3  1
   6787203705.4614601     
   109   -123990977015.0        5     0 1  0 3  1
  -123990977014.97577     
   110    31752293085.41        5     0 0  1 2  2
   31752293085.410805     
   111    6226209616.445        5     1 0  0 1  3
   6226209616.4447708     
   112   -243455903371.7        5     0 1  0 1  3
  -243455903371.68878     
   113   -4363562204.885        5     0 0  1 0  4
  -4363562204.8854990     
   114    1743055509.774        5     0 0  0 5  0
   1743055509.7742290     
   115   -83038514850.58        5     0 0  0 3  2
  -83038514850.575287     
   116    75136080310.35        5     0 0  0 1  4
   75136080310.345276     
                                      

 etall    1, NO =    5, NV =    5, INA =   32
 *********************************************

    I  COEFFICIENT          ORDER   EXPONENTS
     1  -0.1005994543636        1     0 0  1 0  0
 -0.10059945436363794     
     2  -0.6295511511678        1     0 0  0 1  0
 -0.62955115116782490     
     3   0.2583802105374        2     1 0  1 0  0
  0.25838021053737942     
     4   -8.494230770007        2     0 1  1 0  0
  -8.4942307700070074     
     5    8.050846415409        2     1 0  0 1  0
   8.0508464154087793     
     6   -236.5115657221        2     0 1  0 1  0
  -236.51156572214467     
     7    13.78329387046        2     0 0  1 0  1
   13.783293870464787     
     8   -537.6202796821        2     0 0  0 1  1
  -537.62027968205609     
     9    34.63943117760        3     2 0  1 0  0
   34.639431177600180     
    10   -2539.161914685        3     1 1  1 0  0
  -2539.1619146852295     
    11    37487.74353900        3     0 2  1 0  0
   37487.743539003015     
    12   0.1888846989196        3     0 0  3 0  0
  0.18888469891958071     
    13    1084.712869050        3     2 0  0 1  0
   1084.7128690498034     
    14   -52659.00686664        3     1 1  0 1  0
  -52659.006866642201     
    15    618133.1992987        3     0 2  0 1  0
   618133.19929873175     
    16   -130.0559033611        3     0 0  2 1  0
  -130.05590336108017     
    17   -248.4989716137        3     1 0  1 0  1
  -248.49897161365388     
    18    23660.62460146        3     0 1  1 0  1
   23660.624601455380     
    19    748.0454292297        3     0 0  1 2  0
   748.04542922971768     
    20    7416.749195564        3     1 0  0 1  1
   7416.7491955644282     
    21   -76609.67005571        3     0 1  0 1  1
  -76609.670055714407     
    22    16462.35945206        3     0 0  1 0  2
   16462.359452058132     
    23   -4842.156514561        3     0 0  0 3  0
  -4842.1565145611494     
    24    97445.80625192        3     0 0  0 1  2
   97445.806251923292     
    25    320.2938607302        4     3 0  1 0  0
   320.29386073021385     
    26   -21477.41649146        4     2 1  1 0  0
  -21477.416491458709     
    27    507962.7615799        4     1 2  1 0  0
   507962.76157988457     
    28   -5357381.381012        4     0 3  1 0  0
  -5357381.3810122386     
    29   -91.99463789768        4     1 0  3 0  0
  -91.994637897675958     
    30   -9830.242505494        4     0 1  3 0  0
  -9830.2425054944451     
    31   -3576.681355505        4     3 0  0 1  0
  -3576.6813555053677     
    32    250515.4780641        4     2 1  0 1  0
   250515.47806412328     
    33   -3739317.722444        4     1 2  0 1  0
  -3739317.7224436309     
    34   -4054964.646114        4     0 3  0 1  0
  -4054964.6461135820     
    35    24710.54792300        4     1 0  2 1  0
   24710.547922996535     
    36   -741776.8103116        4     0 1  2 1  0
  -741776.81031155586     
    37    23346.41701435        4     2 0  1 0  1
   23346.417014354116     
    38   -732560.6887207        4     1 1  1 0  1
  -732560.68872070254     
    39   -1619372.577256        4     0 2  1 0  1
  -1619372.5772564840     
    40    4785.814537759        4     0 0  3 0  1
   4785.8145377589262     
    41    206690.5706467        4     1 0  1 2  0
   206690.57064674239     
    42   -4391964.319625        4     0 1  1 2  0
  -4391964.3196249474     
    43    2656.364283909        4     2 0  0 1  1
   2656.3642839092900     
    44    4338044.232295        4     1 1  0 1  1
   4338044.2322952105     
    45   -142012137.9133        4     0 2  0 1  1
  -142012137.91330475     
    46   -152184.3885924        4     0 0  2 1  1
  -152184.38859240760     
    47   -710722.5403083        4     1 0  1 0  2
  -710722.54030833323     
    48    20493861.88378        4     0 1  1 0  2
   20493861.883777846     
    49   -546358.7789457        4     1 0  0 3  0
  -546358.77894568851     
    50    16234473.54846        4     0 1  0 3  0
   16234473.548459530     
    51    2609147.905549        4     0 0  1 2  1
   2609147.9055491812     
    52   -4776452.086015        4     1 0  0 1  2
  -4776452.0860154741     
    53    180090984.6835        4     0 1  0 1  2
   180090984.68348810     
    54   -850271.5755753        4     0 0  1 0  3
  -850271.57557529001     
    55    16232119.98831        4     0 0  0 3  1
   16232119.988306839     
    56    22081665.26474        4     0 0  0 1  3
   22081665.264738407     
    57   -25807.44576655        5     4 0  1 0  0
  -25807.445766545261     
    58    2858956.328480        5     3 1  1 0  0
   2858956.3284798791     
    59   -115737366.7003        5     2 2  1 0  0
  -115737366.70028242     
    60    2053670666.997        5     1 3  1 0  0
   2053670666.9970765     
    61   -13643092709.85        5     0 4  1 0  0
  -13643092709.853668     
    62    30334.35084196        5     2 0  3 0  0
   30334.350841956544     
    63   -2110825.903052        5     1 1  3 0  0
  -2110825.9030518285     
    64    36161449.06580        5     0 2  3 0  0
   36161449.065803006     
    65   -6356.682502053        5     0 0  5 0  0
  -6356.6825020527540     
    66   -346656.7672819        5     4 0  0 1  0
  -346656.76728192670     
    67    33237581.67039        5     3 1  0 1  0
   33237581.670387834     
    68   -1153307147.354        5     2 2  0 1  0
  -1153307147.3537161     
    69    16836110827.93        5     1 3  0 1  0
   16836110827.934464     
    70   -82228853352.67        5     0 4  0 1  0
  -82228853352.667648     
    71    856891.0138210        5     2 0  2 1  0
   856891.01382097683     
    72   -54042504.23726        5     1 1  2 1  0
  -54042504.237255201     
    73    915814196.0618        5     0 2  2 1  0
   915814196.06179833     
    74    40352.50136652        5     0 0  4 1  0
   40352.501366523080     
    75    213284.0205181        5     3 0  1 0  1
   213284.02051813924     
    76   -23091487.54870        5     2 1  1 0  1
  -23091487.548701685     
    77    1018552207.366        5     1 2  1 0  1
   1018552207.3664474     
    78   -13892428827.53        5     0 3  1 0  1
  -13892428827.525536     
    79    1508.000641726        5     1 0  3 0  1
   1508.0006417255645     
    80   -4345655.406508        5     0 1  3 0  1
  -4345655.4065080546     
    81   -1223075.417172        5     2 0  1 2  0
  -1223075.4171716175     
    82   -132657619.2915        5     1 1  1 2  0
  -132657619.29146530     
    83    3893740186.521        5     0 2  1 2  0
   3893740186.5210814     
    84    2010947.934902        5     0 0  3 2  0
   2010947.9349016366     
    85    3929604.420105        5     3 0  0 1  1
   3929604.4201050992     
    86   -609694944.2268        5     2 1  0 1  1
  -609694944.22679949     
    87    23389487247.55        5     1 2  0 1  1
   23389487247.550499     
    88   -258722115701.0        5     0 3  0 1  1
  -258722115700.95422     
    89    12545775.47487        5     1 0  2 1  1
   12545775.474867955     
    90   -494019958.4415        5     0 1  2 1  1
  -494019958.44154936     
    91   -20992937.23085        5     2 0  1 0  2
  -20992937.230848074     
    92    1065835398.586        5     1 1  1 0  2
   1065835398.5861659     
    93   -11897361846.85        5     0 2  1 0  2
  -11897361846.847437     
    94    9801420.785933        5     0 0  3 0  2
   9801420.7859333865     
    95    30412945.51746        5     2 0  0 3  0
   30412945.517458774     
    96   -1412099574.939        5     1 1  0 3  0
  -1412099574.9389906     
    97    15432036886.42        5     0 2  0 3  0
   15432036886.417875     
    98    17481916.09157        5     0 0  2 3  0
   17481916.091566358     
    99    291362679.7892        5     1 0  1 2  1
   291362679.78917670     
   100   -7772710972.937        5     0 1  1 2  1
  -7772710972.9367847     
   101   -156738708.3863        5     2 0  0 1  2
  -156738708.38634703     
   102    10572092825.48        5     1 1  0 1  2
   10572092825.479807     
   103   -162514174525.5        5     0 2  0 1  2
  -162514174525.47260     
   104    18008574.90932        5     0 0  2 1  2
   18008574.909322515     
   105    35016760.68994        5     1 0  1 0  3
   35016760.689940885     
   106   -4861894117.351        5     0 1  1 0  3
  -4861894117.3511848     
   107    116205447.7941        5     0 0  1 4  0
   116205447.79414681     
   108    311019249.0135        5     1 0  0 3  1
   311019249.01348674     
   109   -10505737694.54        5     0 1  0 3  1
  -10505737694.538073     
   110   -3168571395.844        5     0 0  1 2  2
  -3168571395.8442383     
   111   -2771456172.050        5     1 0  0 1  3
  -2771456172.0503383     
   112    47106295872.83        5     0 1  0 1  3
   47106295872.829361     
   113    168529843.2816        5     0 0  1 0  4
   168529843.28156206     
   114    1140665080.451        5     0 0  0 5  0
   1140665080.4513586     
   115   -4263330903.889        5     0 0  0 3  2
  -4263330903.8887086     
   116    1644951159.654        5     0 0  0 1  4
   1644951159.6535439     
                                      

 etall    1, NO =    5, NV =    5, INA =   33
 *********************************************

    I  COEFFICIENT          ORDER   EXPONENTS
     1    1.000000000000        1     0 0  0 0  1
   1.0000000000000000     
                                      

 etall    1, NO =    5, NV =    5, INA =   46
 *********************************************

    I  COEFFICIENT          ORDER   EXPONENTS
     1  -0.2848682628419        1     1 0  0 0  0
 -0.28486826284193723     
     2    10.35630086254        1     0 1  0 0  0
   10.356300862541133     
     3    26.21527863286        1     0 0  0 0  1
   26.215278632862969     
     4   -32.28736457059        2     2 0  0 0  0
  -32.287364570593688     
     5    1555.049030911        2     1 1  0 0  0
   1555.0490309114123     
     6   -21912.12011092        2     0 2  0 0  0
  -21912.120110920852     
     7   -32.27358885726        2     0 0  2 0  0
  -32.273588857255277     
     8   -264.3784690380        2     0 0  1 1  0
  -264.37846903801420     
     9   -95.17740936135        2     1 0  0 0  1
  -95.177409361345298     
    10    3460.146382148        2     0 1  0 0  1
   3460.1463821482289     
    11   -3419.788431034        2     0 0  0 2  0
  -3419.7884310336494     
    12   -331.5710834556        2     0 0  0 0  2
  -331.57108345564455     
    13   -257.7328390174        3     3 0  0 0  0
  -257.73283901738859     
    14    14311.06946861        3     2 1  0 0  0
   14311.069468614318     
    15   -213307.5477236        3     1 2  0 0  0
  -213307.54772357288     
    16    524044.7054564        3     0 3  0 0  0
   524044.70545642544     
    17   -512.8198661618        3     1 0  2 0  0
  -512.81986616176187     
    18    7375.804527015        3     0 1  2 0  0
   7375.8045270148577     
    19   -5918.670798869        3     1 0  1 1  0
  -5918.6707988690241     
    20    167739.4353349        3     0 1  1 1  0
   167739.43533488069     
    21    330.0520797081        3     2 0  0 0  1
   330.05207970810261     
    22   -37163.28298988        3     1 1  0 0  1
  -37163.282989878120     
    23    685656.5987319        3     0 2  0 0  1
   685656.59873187938     
    24    633.6360758671        3     0 0  2 0  1
   633.63607586705939     
    25    43564.04729532        3     1 0  0 2  0
   43564.047295319702     
    26   -763698.6746792        3     0 1  0 2  0
  -763698.67467917583     
    27   -3689.293726192        3     0 0  1 1  1
  -3689.2937261915645     
    28    13507.06545166        3     1 0  0 0  2
   13507.065451662123     
    29   -841577.9050506        3     0 1  0 0  2
  -841577.90505060041     
    30    81982.85290870        3     0 0  0 2  1
   81982.852908697343     
    31    115180.4292969        3     0 0  0 0  3
   115180.42929692192     
    32   -2156.929736597        4     4 0  0 0  0
  -2156.9297365971115     
    33    365998.1809704        4     3 1  0 0  0
   365998.18097039149     
    34   -20341102.67980        4     2 2  0 0  0
  -20341102.679799676     
    35    446701286.7169        4     1 3  0 0  0
   446701286.71689993     
    36   -3330520313.682        4     0 4  0 0  0
  -3330520313.6822143     
    37   -7401.792797757        4     2 0  2 0  0
  -7401.7927977566478     
    38    567522.8783088        4     1 1  2 0  0
   567522.87830875663     
    39   -10105004.74262        4     0 2  2 0  0
  -10105004.742623804     
    40   -2446.277217981        4     0 0  4 0  0
  -2446.2772179811091     
    41    261843.2450681        4     2 0  1 1  0
   261843.24506814920     
    42   -12231986.50460        4     1 1  1 1  0
  -12231986.504602039     
    43    116025301.1718        4     0 2  1 1  0
   116025301.17181952     
    44   -160261.9157550        4     0 0  3 1  0
  -160261.91575496836     
    45   -93537.73749185        4     3 0  0 0  1
  -93537.737491845124     
    46    6106610.101006        4     2 1  0 0  1
   6106610.1010062005     
    47   -108028052.9635        4     1 2  0 0  1
  -108028052.96354575     
    48    382439740.9739        4     0 3  0 0  1
   382439740.97386402     
    49   -178441.8500622        4     1 0  2 0  1
  -178441.85006224454     
    50    5962884.063551        4     0 1  2 0  1
   5962884.0635513291     
    51    761568.2588783        4     2 0  0 2  0
   761568.25887826458     
    52   -62879846.73857        4     1 1  0 2  0
  -62879846.738570787     
    53    974167460.4879        4     0 2  0 2  0
   974167460.48790145     
    54   -1749641.835681        4     0 0  2 2  0
  -1749641.8356805299     
    55   -3334530.142020        4     1 0  1 1  1
  -3334530.1420201934     
    56    117749103.3463        4     0 1  1 1  1
   117749103.34630582     
    57    152177.3121054        4     2 0  0 0  2
   152177.31210536981     
    58   -13074591.59177        4     1 1  0 0  2
  -13074591.591768075     
    59    212419084.3339        4     0 2  0 0  2
   212419084.33390757     
    60   -473357.6235054        4     0 0  2 0  2
  -473357.62350541976     
    61    8144829.797423        4     0 0  1 3  0
   8144829.7974233367     
    62    1629917.942672        4     1 0  0 2  1
   1629917.9426724301     
    63    74121217.83268        4     0 1  0 2  1
   74121217.832680956     
    64   -8069704.397070        4     0 0  1 1  2
  -8069704.3970697969     
    65    11260135.13755        4     1 0  0 0  3
   11260135.137547430     
    66   -232517910.4372        4     0 1  0 0  3
  -232517910.43718067     
    67    38579527.48176        4     0 0  0 4  0
   38579527.481756561     
    68   -43564975.05227        4     0 0  0 2  2
  -43564975.052274898     
    69   -19914627.25965        4     0 0  0 0  4
  -19914627.259653967     
    70    98345.41649639        5     5 0  0 0  0
   98345.416496388978     
    71   -11841113.19033        5     4 1  0 0  0
  -11841113.190334614     
    72    577113804.9903        5     3 2  0 0  0
   577113804.99027205     
    73   -13791701304.31        5     2 3  0 0  0
  -13791701304.305750     
    74    155411726720.3        5     1 4  0 0  0
   155411726720.33832     
    75   -623886245845.2        5     0 5  0 0  0
  -623886245845.22351     
    76    372791.5432665        5     3 0  2 0  0
   372791.54326653498     
    77   -27701538.73714        5     2 1  2 0  0
  -27701538.737139445     
    78    708669516.8504        5     1 2  2 0  0
   708669516.85041797     
    79   -6212038664.157        5     0 3  2 0  0
  -6212038664.1571770     
    80   -55792.35891977        5     1 0  4 0  0
  -55792.358919771592     
    81    2630884.945029        5     0 1  4 0  0
   2630884.9450285719     
    82    3614244.704604        5     3 0  1 1  0
   3614244.7046040464     
    83   -266099402.5387        5     2 1  1 1  0
  -266099402.53866431     
    84    7763875604.672        5     1 2  1 1  0
   7763875604.6716719     
    85   -82978317921.16        5     0 3  1 1  0
  -82978317921.161758     
    86   -909565.5690786        5     1 0  3 1  0
  -909565.56907857920     
    87    6329804.150113        5     0 1  3 1  0
   6329804.1501132455     
    88   -1049780.054917        5     4 0  0 0  1
  -1049780.0549167884     
    89    97061963.06944        5     3 1  0 0  1
   97061963.069443360     
    90   -4114021051.254        5     2 2  0 0  1
  -4114021051.2539730     
    91    88109426129.34        5     1 3  0 0  1
   88109426129.340927     
    92   -728663617505.1        5     0 4  0 0  1
  -728663617505.07422     
    93   -911385.1572052        5     2 0  2 0  1
  -911385.15720516490     
    94   -17616144.91379        5     1 1  2 0  1
  -17616144.913793400     
    95    807078924.8386        5     0 2  2 0  1
   807078924.83857322     
    96   -1264758.856601        5     0 0  4 0  1
  -1264758.8566013100     
    97   -16757025.65876        5     3 0  0 2  0
  -16757025.658760879     
    98    1251024989.229        5     2 1  0 2  0
   1251024989.2293880     
    99   -23891954408.88        5     1 2  0 2  0
  -23891954408.876568     
   100    86097111696.22        5     0 3  0 2  0
   86097111696.216568     
   101    94481203.72047        5     1 0  2 2  0
   94481203.720473945     
   102   -2764953861.193        5     0 1  2 2  0
  -2764953861.1932797     
   103   -42041384.09997        5     2 0  1 1  1
  -42041384.099966496     
   104   -731485708.6522        5     1 1  1 1  1
  -731485708.65217865     
   105    45709334071.80        5     0 2  1 1  1
   45709334071.802750     
   106    33217212.37548        5     0 0  3 1  1
   33217212.375481904     
   107    28472388.47121        5     3 0  0 0  2
   28472388.471214801     
   108   -3009125606.150        5     2 1  0 0  2
  -3009125606.1504149     
   109    88812675615.14        5     1 2  0 0  2
   88812675615.136475     
   110   -763980678293.0        5     0 3  0 0  2
  -763980678292.95129     
   111    22401791.21272        5     1 0  2 0  2
   22401791.212724071     
   112   -1313233350.003        5     0 1  2 0  2
  -1313233350.0029192     
   113    428066021.6393        5     1 0  1 3  0
   428066021.63927406     
   114   -16421664360.05        5     0 1  1 3  0
  -16421664360.048004     
   115   -348855396.5551        5     2 0  0 2  1
  -348855396.55514205     
   116    12031438800.07        5     1 1  0 2  1
   12031438800.066534     
   117   -51869972381.88        5     0 2  0 2  1
  -51869972381.884483     
   118    970954149.8076        5     0 0  2 2  1
   970954149.80763400     
   119   -773130497.5853        5     1 0  1 1  2
  -773130497.58533144     
   120    15268343059.53        5     0 1  1 1  2
   15268343059.529785     
   121    281403555.0621        5     2 0  0 0  3
   281403555.06208658     
   122   -7858086074.469        5     1 1  0 0  3
  -7858086074.4688063     
   123    9696714370.411        5     0 2  0 0  3
   9696714370.4105968     
   124    310011979.7987        5     0 0  2 0  3
   310011979.79873937     
   125   -982508414.9133        5     1 0  0 4  0
  -982508414.91333151     
   126    9990444569.228        5     0 1  0 4  0
   9990444569.2279873     
   127    1579145663.835        5     0 0  1 3  1
   1579145663.8351576     
   128   -9369406014.458        5     1 0  0 2  2
  -9369406014.4581165     
   129    268783609916.4        5     0 1  0 2  2
   268783609916.38257     
   130    3024278953.581        5     0 0  1 1  3
   3024278953.5805964     
   131   -1659642009.816        5     1 0  0 0  4
  -1659642009.8155754     
   132    58698599534.06        5     0 1  0 0  4
   58698599534.058617     
   133   -18365850791.17        5     0 0  0 4  1
  -18365850791.171307     
   134   -7101617981.025        5     0 0  0 2  3
  -7101617981.0250664     
   135   -2813068523.798        5     0 0  0 0  5
  -2813068523.7984071     
                                      
